2.00001 
2.00005 
2.00011 
2.00019 
2.0003 
2.00043 
2.00059 
2.00077 
2.00097 
2.0012 
2.00145 
2.00173 
2.00203 
2.00235 
2.0027 
2.00307 
2.00347 
2.00389 
2.00433 
2.0048 
2.00529 
2.00581 
2.00635 
2.00691 
2.0075 
2.00811 
2.00875 
2.00941 
2.01009 
2.0108 
2.01153 
2.01229 
2.01307 
2.01387 
2.0147 
2.01555 
2.01643 
2.01733 
2.01825 
2.0192 
2.02017 
2.02117 
2.02219 
2.02323 
2.0243 
2.02539 
2.02651 
2.02765 
2.02881 
2.03 
2.03121 
2.03245 
2.03371 
2.03499 
2.0363 
2.03763 
2.03899 
2.04037 
2.04177 
2.0432 
2.04465 
2.04613 
2.04763 
2.04915 
2.0507 
2.05227 
2.05387 
2.05549 
2.05713 
2.0588 
2.06049 
2.06221 
2.06395 
2.06571 
2.0675 
2.06931 
2.07115 
2.07301 
2.07489 
2.0768 
2.07873 
2.08069 
2.08267 
2.08467 
2.0867 
2.08875 
2.09083 
2.09293 
2.09505 
2.0972 
2.09937 
2.10157 
2.10379 
2.10603 
2.1083 
2.11059 
2.11291 
2.11525 
2.11761 
2.12 
2.12241 
2.12485 
2.12731 
2.12979 
2.1323 
2.13483 
2.13739 
2.13997 
2.14257 
2.1452 
2.14785 
2.15053 
2.15323 
2.15595 
2.1587 
2.16147 
2.16427 
2.16709 
2.16993 
2.1728 
2.17569 
2.17861 
2.18155 
2.18451 
2.1875 
2.19051 
2.19355 
2.19661 
2.19969 
2.2028 
2.20593 
2.20909 
2.21227 
2.21547 
2.2187 
2.22195 
2.22523 
2.22853 
2.23185 
2.2352 
2.23857 
2.24197 
2.24539 
2.24883 
2.2523 
2.25579 
2.25931 
2.26285 
2.26641 
2.27 
2.27361 
2.27725 
2.28091 
2.28459 
2.2883 
2.29203 
2.29579 
2.29957 
2.30337 
2.3072 
2.31105 
2.31493 
2.31883 
2.32275 
2.3267 
2.33067 
2.33467 
2.33869 
2.34273 
2.3468 
2.35089 
2.35501 
2.35915 
2.36331 
2.3675 
2.37171 
2.37595 
2.38021 
2.38449 
2.3888 
2.39313 
2.39749 
2.40187 
2.40627 
2.4107 
2.41515 
2.41963 
2.42413 
2.42865 
2.4332 
2.43777 
2.44237 
2.44699 
2.45163 
2.4563 
2.46099 
2.46571 
2.47045 
2.47521 
2.48 
2.48481 
2.48965 
2.49451 
2.49939 
2.5043 
2.50923 
2.51419 
2.51917 
2.52417 
2.5292 
2.53425 
2.53933 
2.54443 
2.54955 
2.5547 
2.55987 
2.56507 
2.57029 
2.57553 
2.5808 
2.58609 
2.59141 
2.59675 
2.60211 
2.6075 
2.61291 
2.61835 
2.62381 
2.62929 
2.6348 
2.64033 
2.64589 
2.65147 
2.65707 
2.6627 
2.66835 
2.67403 
2.67973 
2.68545 
2.6912 
2.69697 
2.70277 
2.70859 
2.71443 
2.7203 
2.72619 
2.73211 
2.73805 
2.74401 
2.75 
2.75601 
2.76205 
2.76811 
2.77419 
2.7803 
2.78643 
2.79259 
2.79877 
2.80497 
2.8112 
2.81745 
2.82373 
2.83003 
2.83635 
2.8427 
2.84907 
2.85547 
2.86189 
2.86833 
2.8748 
2.88129 
2.88781 
2.89435 
2.90091 
2.9075 
2.91411 
2.92075 
2.92741 
2.93409 
2.9408 
2.94753 
2.95429 
2.96107 
2.96787 
2.9747 
2.98155 
2.98843 
2.99533 
3.00225 
3.0092 
3.01617 
3.02317 
3.03019 
3.03723 
3.0443 
3.05139 
3.05851 
3.06565 
3.07281 
3.08 
3.08721 
3.09445 
3.10171 
3.10899 
3.1163 
3.12363 
3.13099 
3.13837 
3.14577 
3.1532 
3.16065 
3.16813 
3.17563 
3.18315 
3.1907 
3.19827 
3.20587 
3.21349 
3.22113 
3.2288 
3.23649 
3.24421 
3.25195 
3.25971 
3.2675 
3.27531 
3.28315 
3.29101 
3.29889 
3.3068 
3.31473 
3.32269 
3.33067 
3.33867 
3.3467 
3.35475 
3.36283 
3.37093 
3.37905 
3.3872 
3.39537 
3.40357 
3.41179 
3.42003 
3.4283 
3.43659 
3.44491 
3.45325 
3.46161 
3.47 
3.47841 
3.48685 
3.49531 
3.50379 
3.5123 
3.52083 
3.52939 
3.53797 
3.54657 
3.5552 
3.56385 
3.57253 
3.58123 
3.58995 
3.5987 
3.60747 
3.61627 
3.62509 
3.63393 
3.6428 
3.65169 
3.66061 
3.66955 
3.67851 
3.6875 
3.69651 
3.70555 
3.71461 
3.72369 
3.7328 
3.74193 
3.75109 
3.76027 
3.76947 
3.7787 
3.78795 
3.79723 
3.80653 
3.81585 
3.8252 
3.83457 
3.84397 
3.85339 
3.86283 
3.8723 
3.88179 
3.89131 
3.90085 
3.91041 
3.92 
3.92961 
3.93925 
3.94891 
3.95859 
3.9683 
3.97803 
3.98779 
3.99757 
4.00737 
4.0172 
4.02705 
4.03693 
4.04683 
4.05675 
4.0667 
4.07667 
4.08667 
4.09669 
4.10673 
4.1168 
4.12689 
4.13701 
4.14715 
4.15731 
4.1675 
4.17771 
4.18795 
4.19821 
4.20849 
4.2188 
4.22913 
4.23949 
4.24987 
4.26027 
4.2707 
4.28115 
4.29163 
4.30213 
4.31265 
4.3232 
4.33377 
4.34437 
4.35499 
4.36563 
4.3763 
4.38699 
4.39771 
4.40845 
4.41921 
4.43 
4.44081 
4.45165 
4.46251 
4.47339 
4.4843 
4.49523 
4.50619 
4.51717 
4.52817 
4.5392 
4.55025 
4.56133 
4.57243 
4.58355 
4.5947 
4.60587 
4.61707 
4.62829 
4.63953 
4.6508 
4.66209 
4.67341 
4.68475 
4.69611 
4.7075 
4.71891 
4.73035 
4.74181 
4.75329 
4.7648 
4.77633 
4.78789 
4.79947 
4.81107 
4.8227 
4.83435 
4.84603 
4.85773 
4.86945 
4.8812 
4.89297 
4.90477 
4.91659 
4.92843 
4.9403 
4.95219 
4.96411 
4.97605 
4.98801 
5 
5.01201 
5.02405 
5.03611 
5.04819 
5.0603 
5.07243 
5.08459 
5.09677 
5.10897 
5.1212 
5.13345 
5.14573 
5.15803 
5.17035 
5.1827 
5.19507 
5.20747 
5.21989 
5.23233 
5.2448 
5.25729 
5.26981 
5.28235 
5.29491 
5.3075 
5.32011 
5.33275 
5.34541 
5.35809 
5.3708 
5.38353 
5.39629 
5.40907 
5.42187 
5.4347 
5.44755 
5.46043 
5.47333 
5.48625 
5.4992 
5.51217 
5.52517 
5.53819 
5.55123 
5.5643 
5.57739 
5.59051 
5.60365 
5.61681 
5.63 
5.64321 
5.65645 
5.66971 
5.68299 
5.6963 
5.70963 
5.72299 
5.73637 
5.74977 
5.7632 
5.77665 
5.79013 
5.80363 
5.81715 
5.8307 
5.84427 
5.85787 
5.87149 
5.88513 
5.8988 
5.91249 
5.92621 
5.93995 
5.95371 
5.9675 
5.98131 
5.99515 
6.00901 
6.02289 
6.0368 
6.05073 
6.06469 
6.07867 
6.09267 
6.1067 
6.12075 
6.13483 
6.14893 
6.16305 
6.1772 
6.19137 
6.20557 
6.21979 
6.23403 
6.2483 
6.26259 
6.27691 
6.29125 
6.30561 
6.32 
6.33441 
6.34885 
6.36331 
6.37779 
6.3923 
6.40683 
6.42139 
6.43597 
6.45057 
6.4652 
6.47985 
6.49453 
6.50923 
6.52395 
6.5387 
6.55347 
6.56827 
6.58309 
6.59793 
6.6128 
6.62769 
6.64261 
6.65755 
6.67251 
6.6875 
6.70251 
6.71755 
6.73261 
6.74769 
6.7628 
6.77793 
6.79309 
6.80827 
6.82347 
6.8387 
6.85395 
6.86923 
6.88453 
6.89985 
6.9152 
6.93057 
6.94597 
6.96139 
6.97683 
6.9923 
7.00779 
7.02331 
7.03885 
7.05441 
7.07 
7.08561 
7.10125 
7.11691 
7.13259 
7.1483 
7.16403 
7.17979 
7.19557 
7.21137 
7.2272 
7.24305 
7.25893 
7.27483 
7.29075 
7.3067 
7.32267 
7.33867 
7.35469 
7.37073 
7.3868 
7.40289 
7.41901 
7.43515 
7.45131 
7.4675 
7.48371 
7.49995 
7.51621 
7.53249 
7.5488 
7.56513 
7.58149 
7.59787 
7.61427 
7.6307 
7.64715 
7.66363 
7.68013 
7.69665 
7.7132 
7.72977 
7.74637 
7.76299 
7.77963 
7.7963 
7.81299 
7.82971 
7.84645 
7.86321 
7.88 
7.89681 
7.91365 
7.93051 
7.94739 
7.9643 
7.98123 
7.99819 
8.01517 
8.03217 
8.0492 
8.06625 
8.08333 
8.10043 
8.11755 
8.1347 
8.15187 
8.16907 
8.18629 
8.20353 
8.2208 
8.23809 
8.25541 
8.27275 
8.29011 
8.3075 
8.32491 
8.34235 
8.35981 
8.37729 
8.3948 
8.41233 
8.42989 
8.44747 
8.46507 
8.4827 
8.50035 
8.51803 
8.53573 
8.55345 
8.5712 
8.58897 
8.60677 
8.62459 
8.64243 
8.6603 
8.67819 
8.69611 
8.71405 
8.73201 
8.75 
8.76801 
8.78605 
8.80411 
8.82219 
8.8403 
8.85843 
8.87659 
8.89477 
8.91297 
8.9312 
8.94945 
8.96773 
8.98603 
9.00435 
9.0227 
9.04107 
9.05947 
9.07789 
9.09633 
9.1148 
9.13329 
9.15181 
9.17035 
9.18891 
9.2075 
9.22611 
9.24475 
9.26341 
9.28209 
9.3008 
9.31953 
9.33829 
9.35707 
9.37587 
9.3947 
9.41355 
9.43243 
9.45133 
9.47025 
9.4892 
9.50817 
9.52717 
9.54619 
9.56523 
9.5843 
9.60339 
9.62251 
9.64165 
9.66081 
9.68 
9.69921 
9.71845 
9.73771 
9.75699 
9.7763 
9.79563 
9.81499 
9.83437 
9.85377 
9.8732 
9.89265 
9.91213 
9.93163 
9.95115 
9.9707 
9.99027 
10.0099 
10.0295 
10.0491 
10.0688 
10.0885 
10.1082 
10.1279 
10.1477 
10.1675 
10.1873 
10.2071 
10.227 
10.2469 
10.2668 
10.2867 
10.3067 
10.3267 
10.3467 
10.3667 
10.3868 
10.4068 
10.4269 
10.4471 
10.4672 
10.4874 
10.5076 
10.5278 
10.548 
10.5683 
10.5886 
10.6089 
10.6292 
10.6496 
10.67 
10.6904 
10.7108 
10.7313 
10.7518 
10.7723 
10.7928 
10.8134 
10.834 
10.8546 
10.8752 
10.8959 
10.9165 
10.9372 
10.958 
10.9787 
10.9995 
11.0203 
11.0411 
11.0619 
11.0828 
11.1037 
11.1246 
11.1456 
11.1665 
11.1875 
11.2085 
11.2296 
11.2506 
11.2717 
11.2928 
11.3139 
11.3351 
11.3563 
11.3775 
11.3987 
11.42 
11.4412 
11.4625 
11.4839 
11.5052 
11.5266 
11.548 
11.5694 
11.5908 
11.6123 
11.6338 
11.6553 
11.6768 
11.6984 
11.72 
11.7416 
11.7633 
11.7849 
11.8066 
11.8283 
11.85 
11.8718 
11.8936 
11.9154 
11.9372 
11.9591 
11.9809 
12.0028 
12.0248 
12.0467 
12.0687 
12.0907 
12.1127 
12.1347 
12.1568 
12.1789 
12.201 
12.2232 
12.2453 
12.2675 
12.2897 
12.312 
12.3342 
12.3565 
12.3788 
12.4011 
12.4235 
12.4459 
12.4683 
12.4907 
12.5132 
12.5356 
12.5581 
12.5807 
12.6032 
12.6258 
12.6484 
12.671 
12.6936 
12.7163 
12.739 
12.7617 
12.7845 
12.8072 
12.83 
12.8528 
12.8756 
12.8985 
12.9214 
12.9443 
12.9672 
12.9902 
13.0132 
13.0362 
13.0592 
13.0823 
13.1053 
13.1284 
13.1516 
13.1747 
13.1979 
13.2211 
13.2443 
13.2675 
13.2908 
13.3141 
13.3374 
13.3607 
13.3841 
13.4075 
13.4309 
13.4544 
13.4778 
13.5013 
13.5248 
13.5483 
13.5719 
13.5955 
13.6191 
13.6427 
13.6664 
13.69 
13.7137 
13.7375 
13.7612 
13.785 
13.8088 
13.8326 
13.8564 
13.8803 
13.9042 
13.9281 
13.9521 
13.976 
14 
14.024 
14.048 
14.0721 
14.0962 
14.1203 
14.1444 
14.1686 
14.1928 
14.217 
14.2412 
14.2655 
14.2897 
14.314 
14.3384 
14.3627 
14.3871 
14.4115 
14.4359 
14.4603 
14.4848 
14.5093 
14.5338 
14.5584 
14.5829 
14.6075 
14.6321 
14.6567 
14.6814 
14.7061 
14.7308 
14.7555 
14.7803 
14.8051 
14.8299 
14.8547 
14.8796 
14.9044 
14.9293 
14.9543 
14.9792 
15.0042 
15.0292 
15.0542 
15.0792 
15.1043 
15.1294 
15.1545 
15.1796 
15.2048 
15.23 
15.2552 
15.2804 
15.3057 
15.331 
15.3563 
15.3816 
15.407 
15.4324 
15.4578 
15.4832 
15.5087 
15.5341 
15.5596 
15.5852 
15.6107 
15.6363 
15.6619 
15.6875 
15.7131 
15.7388 
15.7645 
15.7902 
15.816 
15.8417 
15.8675 
15.8933 
15.9191 
15.945 
15.9709 
15.9968 
16.0227 
16.0487 
16.0747 
16.1007 
16.1267 
16.1528 
16.1788 
16.2049 
16.2311 
16.2572 
16.2834 
16.3096 
16.3358 
16.362 
16.3883 
16.4146 
16.4409 
16.4672 
16.4936 
16.52 
16.5464 
16.5728 
16.5993 
16.6258 
16.6523 
16.6788 
16.7054 
16.732 
16.7586 
16.7852 
16.8119 
16.8385 
16.8652 
16.892 
16.9187 
16.9455 
16.9723 
16.9991 
17.0259 
17.0528 
17.0797 
17.1066 
17.1336 
17.1605 
17.1875 
17.2145 
17.2415 
17.2686 
17.2957 
17.3228 
17.3499 
17.3771 
17.4043 
17.4315 
17.4587 
17.486 
17.5132 
17.5405 
17.5679 
17.5952 
17.6226 
17.65 
17.6774 
17.7048 
17.7323 
17.7598 
17.7873 
17.8148 
17.8424 
17.87 
17.8976 
17.9252 
17.9529 
17.9806 
18.0083 
18.036 
18.0638 
18.0916 
18.1194 
18.1472 
18.1751 
18.2029 
18.2308 
18.2588 
18.2867 
18.3147 
18.3427 
18.3707 
18.3987 
18.4268 
18.4549 
18.483 
18.5111 
18.5393 
18.5675 
18.5957 
18.624 
18.6522 
18.6805 
18.7088 
18.7371 
18.7655 
18.7939 
18.8223 
18.8507 
18.8792 
18.9076 
18.9361 
18.9647 
18.9932 
19.0218 
19.0504 
19.079 
19.1076 
19.1363 
19.165 
19.1937 
19.2224 
19.2512 
19.28 
19.3088 
19.3376 
19.3665 
19.3954 
19.4243 
19.4532 
19.4822 
19.5112 
19.5402 
19.5692 
19.5983 
19.6273 
19.6564 
19.6856 
19.7147 
19.7439 
19.7731 
19.8023 
19.8315 
19.8608 
19.8901 
19.9194 
19.9487 
19.9781 
20.0075 
20.0369 
20.0663 
20.0958 
20.1253 
20.1548 
20.1843 
20.2139 
20.2435 
20.2731 
20.3027 
20.3324 
20.362 
20.3917 
20.4215 
20.4512 
20.481 
20.5108 
20.5406 
20.5704 
20.6003 
20.6302 
20.6601 
20.69 
20.72 
20.75 
20.78 
20.81 
20.8401 
20.8702 
20.9003 
20.9304 
20.9606 
20.9908 
21.021 
21.0512 
21.0815 
21.1117 
21.142 
21.1724 
21.2027 
21.2331 
21.2635 
21.2939 
21.3243 
21.3548 
21.3853 
21.4158 
21.4463 
21.4769 
21.5075 
21.5381 
21.5688 
21.5994 
21.6301 
21.6608 
21.6915 
21.7223 
21.7531 
21.7839 
21.8147 
21.8456 
21.8764 
21.9073 
21.9383 
21.9692 
22.0002 
22.0312 
22.0622 
22.0932 
22.1243 
22.1554 
22.1865 
22.2177 
22.2488 
22.28 
22.3112 
22.3425 
22.3737 
22.405 
22.4363 
22.4676 
22.499 
22.5304 
22.5618 
22.5932 
22.6247 
22.6561 
22.6876 
22.7192 
22.7507 
22.7823 
22.8139 
22.8455 
22.8771 
22.9088 
22.9405 
22.9722 
23.004 
23.0357 
23.0675 
23.0993 
23.1311 
23.163 
23.1949 
23.2268 
23.2587 
23.2907 
23.3227 
23.3547 
23.3867 
23.4188 
23.4508 
23.4829 
23.5151 
23.5472 
23.5794 
23.6116 
23.6438 
23.676 
23.7083 
23.7406 
23.7729 
23.8052 
23.8376 
23.87 
23.9024 
23.9348 
23.9673 
23.9998 
24.0323 
24.0648 
24.0974 
24.13 
24.1626 
24.1952 
24.2279 
24.2605 
24.2932 
24.326 
24.3587 
24.3915 
24.4243 
24.4571 
24.4899 
24.5228 
24.5557 
24.5886 
24.6216 
24.6545 
24.6875 
24.7205 
24.7535 
24.7866 
24.8197 
24.8528 
24.8859 
24.9191 
24.9523 
24.9855 
25.0187 
25.052 
25.0852 
25.1185 
25.1519 
25.1852 
25.2186 
25.252 
25.2854 
25.3188 
25.3523 
25.3858 
25.4193 
25.4529 
25.4864 
25.52 
25.5536 
25.5873 
25.6209 
25.6546 
25.6883 
25.722 
25.7558 
25.7896 
25.8234 
25.8572 
25.8911 
25.9249 
25.9588 
25.9928 
26.0267 
26.0607 
26.0947 
26.1287 
26.1627 
26.1968 
26.2309 
26.265 
26.2992 
26.3333 
26.3675 
26.4017 
26.4359 
26.4702 
26.5045 
26.5388 
26.5731 
26.6075 
26.6419 
26.6763 
26.7107 
26.7452 
26.7796 
26.8141 
26.8487 
26.8832 
26.9178 
26.9524 
26.987 
27.0216 
27.0563 
27.091 
27.1257 
27.1604 
27.1952 
27.23 
27.2648 
27.2996 
27.3345 
27.3694 
27.4043 
27.4392 
27.4742 
27.5092 
27.5442 
27.5792 
27.6143 
27.6493 
27.6844 
27.7196 
27.7547 
27.7899 
27.8251 
27.8603 
27.8955 
27.9308 
27.9661 
28.0014 
28.0367 
28.0721 
28.1075 
28.1429 
28.1783 
28.2138 
28.2493 
28.2848 
28.3203 
28.3559 
28.3915 
28.4271 
28.4627 
28.4984 
28.534 
28.5697 
28.6055 
28.6412 
28.677 
28.7128 
28.7486 
28.7844 
28.8203 
28.8562 
28.8921 
28.928 
28.964 
29 
29.036 
29.0721 
29.1081 
29.1442 
29.1803 
29.2164 
29.2526 
29.2888 
29.325 
29.3612 
29.3975 
29.4337 
29.47 
29.5064 
29.5427 
29.5791 
29.6155 
29.6519 
29.6883 
29.7248 
29.7613 
29.7978 
29.8344 
29.8709 
29.9075 
29.9441 
29.9807 
30.0174 
30.0541 
30.0908 
30.1275 
30.1643 
30.2011 
30.2379 
30.2747 
30.3116 
30.3484 
30.3853 
30.4223 
30.4592 
30.4962 
30.5332 
30.5702 
30.6072 
30.6443 
30.6814 
30.7185 
30.7557 
30.7928 
30.83 
30.8672 
30.9044 
30.9417 
30.979 
31.0163 
31.0536 
31.091 
31.1284 
31.1658 
31.2032 
31.2407 
31.2781 
31.3156 
31.3532 
31.3907 
31.4283 
31.4659 
31.5035 
31.5411 
31.5788 
31.6165 
31.6542 
31.692 
31.7297 
31.7675 
31.8053 
31.8432 
31.881 
31.9189 
31.9568 
31.9947 
32.0327 
32.0707 
32.1087 
32.1467 
32.1848 
32.2228 
32.2609 
32.2991 
32.3372 
32.3754 
32.4136 
32.4518 
32.49 
32.5283 
32.5666 
32.6049 
32.6433 
32.6816 
32.72 
32.7584 
32.7968 
32.8353 
32.8738 
32.9123 
32.9508 
32.9894 
33.028 
33.0666 
33.1052 
33.1439 
33.1825 
33.2212 
33.26 
33.2987 
33.3375 
33.3763 
33.4151 
33.4539 
33.4928 
33.5317 
33.5706 
33.6096 
33.6485 
33.6875 
33.7265 
33.7656 
33.8046 
33.8437 
33.8828 
33.9219 
33.9611 
34.0003 
34.0395 
34.0787 
34.118 
34.1572 
34.1965 
34.2359 
34.2752 
34.3146 
34.354 
34.3934 
34.4328 
34.4723 
34.5118 
34.5513 
34.5908 
34.6304 
34.67 
34.7096 
34.7492 
34.7889 
34.8286 
34.8683 
34.908 
34.9478 
34.9876 
35.0274 
35.0672 
35.1071 
35.1469 
35.1868 
35.2268 
35.2667 
35.3067 
35.3467 
35.3867 
35.4267 
35.4668 
35.5069 
35.547 
35.5871 
35.6273 
35.6675 
35.7077 
35.748 
35.7882 
35.8285 
35.8688 
35.9091 
35.9495 
35.9899 
36.0303 
36.0707 
36.1112 
36.1516 
36.1921 
36.2327 
36.2732 
36.3138 
36.3544 
36.395 
36.4356 
36.4763 
36.517 
36.5577 
36.5985 
36.6392 
36.68 
36.7208 
36.7617 
36.8025 
36.8434 
36.8843 
36.9252 
36.9662 
37.0072 
37.0482 
37.0892 
37.1303 
37.1713 
37.2124 
37.2536 
37.2947 
37.3359 
37.3771 
37.4183 
37.4595 
37.5008 
37.5421 
37.5834 
37.6247 
37.6661 
37.7075 
37.7489 
37.7903 
37.8318 
37.8733 
37.9148 
37.9563 
37.9979 
38.0395 
38.0811 
38.1227 
38.1644 
38.206 
38.2477 
38.2895 
38.3312 
38.373 
38.4148 
38.4566 
38.4984 
38.5403 
38.5822 
38.6241 
38.6661 
38.708 
38.75 
38.792 
38.8341 
38.8761 
38.9182 
38.9603 
39.0024 
39.0446 
39.0868 
39.129 
39.1712 
39.2135 
39.2557 
39.298 
39.3404 
39.3827 
39.4251 
39.4675 
39.5099 
39.5523 
39.5948 
39.6373 
39.6798 
39.7223 
39.7649 
39.8075 
39.8501 
39.8928 
39.9354 
39.9781 
40.0208 
40.0635 
40.1063 
40.1491 
40.1919 
40.2347 
40.2776 
40.3204 
40.3633 
40.4063 
40.4492 
40.4922 
40.5352 
40.5782 
40.6212 
40.6643 
40.7074 
40.7505 
40.7937 
40.8368 
40.88 
40.9232 
40.9664 
41.0097 
41.053 
41.0963 
41.1396 
41.183 
41.2264 
41.2698 
41.3132 
41.3567 
41.4001 
41.4436 
41.4872 
41.5307 
41.5743 
41.6179 
41.6615 
41.7051 
41.7488 
41.7925 
41.8362 
41.8799 
41.9237 
41.9675 
42.0113 
42.0552 
42.099 
42.1429 
42.1868 
42.2307 
42.2747 
42.3187 
42.3627 
42.4067 
42.4508 
42.4948 
42.5389 
42.5831 
42.6272 
42.6714 
42.7156 
42.7598 
42.804 
42.8483 
42.8926 
42.9369 
42.9812 
43.0256 
43.07 
43.1144 
43.1588 
43.2033 
43.2478 
43.2923 
43.3368 
43.3814 
43.426 
43.4706 
43.5152 
43.5599 
43.6045 
43.6492 
43.694 
43.7387 
43.7835 
43.8283 
43.8731 
43.9179 
43.9628 
44.0077 
44.0526 
44.0975 
44.1425 
44.1875 
44.2325 
44.2775 
44.3226 
44.3677 
44.4128 
44.4579 
44.5031 
44.5483 
44.5935 
44.6387 
44.684 
44.7292 
44.7745 
44.8199 
44.8652 
44.9106 
44.956 
45.0014 
45.0468 
45.0923 
45.1378 
45.1833 
45.2288 
45.2744 
45.32 
45.3656 
45.4113 
45.4569 
45.5026 
45.5483 
45.594 
45.6398 
45.6856 
45.7314 
45.7772 
45.8231 
45.8689 
45.9148 
45.9608 
46.0067 
46.0527 
46.0987 
46.1447 
46.1907 
46.2368 
46.2829 
46.329 
46.3751 
46.4213 
46.4675 
46.5137 
46.5599 
46.6062 
46.6525 
46.6988 
46.7451 
46.7915 
46.8379 
46.8843 
46.9307 
46.9772 
47.0236 
47.0701 
47.1167 
47.1632 
47.2098 
47.2564 
47.303 
47.3496 
47.3963 
47.443 
47.4897 
47.5364 
47.5832 
47.63 
47.6768 
47.7236 
47.7705 
47.8174 
47.8643 
47.9112 
47.9582 
48.0052 
48.0522 
48.0992 
48.1463 
48.1933 
48.2404 
48.2876 
48.3347 
48.3819 
48.4291 
48.4763 
48.5235 
48.5708 
48.6181 
48.6654 
48.7127 
48.7601 
48.8075 
48.8549 
48.9024 
48.9498 
48.9973 
49.0448 
49.0923 
49.1399 
49.1875 
49.2351 
49.2827 
49.3304 
49.378 
49.4257 
49.4735 
49.5212 
49.569 
49.6168 
49.6646 
49.7124 
49.7603 
49.8082 
49.8561 
49.904 
49.952 
50 
50.048 
50.096 
50.1441 
50.1922 
50.2403 
50.2884 
50.3366 
50.3848 
50.433 
50.4812 
50.5295 
50.5777 
50.626 
50.6744 
50.7227 
50.7711 
50.8195 
50.8679 
50.9163 
50.9648 
51.0133 
51.0618 
51.1103 
51.1589 
51.2075 
51.2561 
51.3047 
51.3534 
51.4021 
51.4508 
51.4995 
51.5483 
51.5971 
51.6459 
51.6947 
51.7436 
51.7924 
51.8413 
51.8903 
51.9392 
51.9882 
52.0372 
52.0862 
52.1352 
52.1843 
52.2334 
52.2825 
52.3316 
52.3808 
52.43 
52.4792 
52.5285 
52.5777 
52.627 
52.6763 
52.7256 
52.775 
52.8244 
52.8738 
52.9232 
52.9727 
53.0221 
53.0716 
53.1212 
53.1707 
53.2203 
53.2699 
53.3195 
53.3691 
53.4188 
53.4685 
53.5182 
53.568 
53.6177 
53.6675 
53.7173 
53.7671 
53.817 
53.8669 
53.9168 
53.9667 
54.0167 
54.0667 
54.1167 
54.1667 
54.2168 
54.2668 
54.3169 
54.3671 
54.4172 
54.4674 
54.5176 
54.5678 
54.618 
54.6683 
54.7186 
54.7689 
54.8193 
54.8696 
54.92 
54.9704 
55.0208 
55.0713 
55.1218 
55.1723 
55.2228 
55.2734 
55.324 
55.3746 
55.4252 
55.4759 
55.5265 
55.5772 
55.628 
55.6787 
55.7295 
55.7803 
55.8311 
55.8819 
55.9328 
55.9837 
56.0346 
56.0856 
56.1365 
56.1875 
56.2385 
56.2895 
56.3406 
56.3917 
56.4428 
56.4939 
56.5451 
56.5963 
56.6475 
56.6987 
56.75 
56.8012 
56.8525 
56.9039 
56.9552 
57.0066 
57.058 
57.1094 
57.1608 
57.2123 
57.2638 
57.3153 
57.3669 
57.4184 
57.47 
57.5216 
57.5733 
57.6249 
57.6766 
57.7283 
57.78 
57.8318 
57.8836 
57.9354 
57.9872 
58.0391 
58.0909 
58.1428 
58.1948 
58.2467 
58.2987 
58.3507 
58.4027 
58.4547 
58.5068 
58.5589 
58.611 
58.6632 
58.7153 
58.7675 
58.8197 
58.8719 
58.9242 
58.9765 
59.0288 
59.0811 
59.1335 
59.1859 
59.2383 
59.2907 
59.3432 
59.3956 
59.4481 
59.5007 
59.5532 
59.6058 
59.6584 
59.711 
59.7636 
59.8163 
59.869 
59.9217 
59.9744 
60.0272 
60.08 
60.1328 
60.1856 
60.2385 
60.2914 
60.3443 
60.3972 
60.4502 
60.5032 
60.5562 
60.6092 
60.6623 
60.7153 
60.7684 
60.8216 
60.8747 
60.9279 
60.9811 
61.0343 
61.0875 
61.1408 
61.1941 
61.2474 
61.3008 
61.3541 
61.4075 
61.4609 
61.5144 
61.5678 
61.6213 
61.6748 
61.7283 
61.7819 
61.8355 
61.8891 
61.9427 
61.9964 
62.05 
62.1037 
62.1575 
62.2112 
62.265 
62.3188 
62.3726 
62.4264 
62.4803 
62.5342 
62.5881 
62.6421 
62.696 
62.75 
62.804 
62.858 
62.9121 
62.9662 
63.0203 
63.0744 
63.1286 
63.1828 
63.237 
63.2912 
63.3455 
63.3997 
63.454 
63.5084 
63.5627 
63.6171 
63.6715 
63.7259 
63.7803 
63.8348 
63.8893 
63.9438 
63.9983 
64.0529 
64.1075 
64.1621 
64.2168 
64.2714 
64.3261 
64.3808 
64.4355 
64.4903 
64.5451 
64.5999 
64.6547 
64.7096 
64.7644 
64.8193 
64.8743 
64.9292 
64.9842 
65.0392 
65.0942 
65.1492 
65.2043 
65.2594 
65.3145 
65.3696 
65.4248 
65.48 
65.5352 
65.5905 
65.6457 
65.701 
65.7563 
65.8116 
65.867 
65.9224 
65.9778 
66.0332 
66.0887 
66.1441 
66.1996 
66.2552 
66.3107 
66.3663 
66.4219 
66.4775 
66.5331 
66.5888 
66.6445 
66.7002 
66.7559 
66.8117 
66.8675 
66.9233 
66.9792 
67.035 
67.0909 
67.1468 
67.2027 
67.2587 
67.3147 
67.3707 
67.4267 
67.4828 
67.5388 
67.5949 
67.6511 
67.7072 
67.7634 
67.8196 
67.8758 
67.932 
67.9883 
68.0446 
68.1009 
68.1572 
68.2136 
68.27 
68.3264 
68.3828 
68.4393 
68.4958 
68.5523 
68.6088 
68.6654 
68.722 
68.7786 
68.8352 
68.8919 
68.9485 
69.0052 
69.062 
69.1187 
69.1755 
69.2323 
69.2891 
69.3459 
69.4028 
69.4597 
69.5166 
69.5735 
69.6305 
69.6875 
69.7445 
69.8016 
69.8586 
69.9157 
69.9728 
70.0299 
70.0871 
70.1443 
70.2015 
70.2587 
70.316 
70.3732 
70.4305 
70.4879 
70.5452 
70.6026 
70.66 
70.7174 
70.7748 
70.8323 
70.8898 
70.9473 
71.0049 
71.0624 
71.12 
71.1776 
71.2353 
71.2929 
71.3506 
71.4083 
71.466 
71.5238 
71.5816 
71.6394 
71.6972 
71.7551 
71.8129 
71.8708 
71.9288 
71.9867 
72.0447 
72.1027 
72.1607 
72.2187 
72.2768 
72.3349 
72.393 
72.4511 
72.5093 
72.5675 
72.6257 
72.6839 
72.7422 
72.8005 
72.8588 
72.9171 
72.9755 
73.0339 
73.0923 
73.1507 
73.2092 
73.2676 
73.3261 
73.3847 
73.4432 
73.5018 
73.5604 
73.619 
73.6776 
73.7363 
73.795 
73.8537 
73.9125 
73.9712 
74.03 
74.0888 
74.1476 
74.2065 
74.2654 
74.3243 
74.3832 
74.4422 
74.5012 
74.5602 
74.6192 
74.6783 
74.7373 
74.7964 
74.8556 
74.9147 
74.9739 
75.0331 
75.0923 
75.1515 
75.2108 
75.2701 
75.3294 
75.3887 
75.4481 
75.5075 
75.5669 
75.6263 
75.6858 
75.7453 
75.8048 
75.8643 
75.9239 
75.9835 
76.0431 
76.1027 
76.1624 
76.222 
76.2817 
76.3415 
76.4012 
76.461 
76.5208 
76.5806 
76.6404 
76.7003 
76.7602 
76.8201 
76.8801 
76.94 
77 
77.06 
77.1201 
77.1801 
77.2402 
77.3003 
77.3604 
77.4206 
77.4808 
77.541 
77.6012 
77.6615 
77.7217 
77.782 
77.8424 
77.9027 
77.9631 
78.0235 
78.0839 
78.1443 
78.2048 
78.2653 
78.3258 
78.3863 
78.4469 
78.5075 
78.5681 
78.6288 
78.6894 
78.7501 
78.8108 
78.8715 
78.9323 
78.9931 
79.0539 
79.1147 
79.1756 
79.2364 
79.2973 
79.3583 
79.4192 
79.4802 
79.5412 
79.6022 
79.6632 
79.7243 
79.7854 
79.8465 
79.9076 
79.9688 
80.03 
80.0912 
80.1525 
80.2137 
80.275 
80.3363 
80.3976 
80.459 
80.5204 
80.5818 
80.6432 
80.7047 
80.7661 
80.8276 
80.8892 
80.9507 
81.0123 
81.0739 
81.1355 
81.1971 
81.2588 
81.3205 
81.3822 
81.444 
81.5057 
81.5675 
81.6293 
81.6911 
81.753 
81.8149 
81.8768 
81.9387 
82.0007 
82.0627 
82.1247 
82.1867 
82.2488 
82.3108 
82.3729 
82.4351 
82.4972 
82.5594 
82.6216 
82.6838 
82.746 
82.8083 
82.8706 
82.9329 
82.9953 
83.0576 
83.12 
83.1824 
83.2449 
83.3073 
83.3698 
83.4323 
83.4948 
83.5574 
83.62 
83.6826 
83.7452 
83.8079 
83.8705 
83.9332 
83.996 
84.0587 
84.1215 
84.1843 
84.2471 
84.3099 
84.3728 
84.4357 
84.4986 
84.5616 
84.6245 
84.6875 
84.7505 
84.8136 
84.8766 
84.9397 
85.0028 
85.0659 
85.1291 
85.1923 
85.2555 
85.3187 
85.382 
85.4452 
85.5085 
85.5719 
85.6352 
85.6986 
85.762 
85.8254 
85.8888 
85.9523 
86.0158 
86.0793 
86.1428 
86.2064 
86.27 
86.3336 
86.3973 
86.4609 
86.5246 
86.5883 
86.652 
86.7158 
86.7796 
86.8434 
86.9072 
86.9711 
87.0349 
87.0988 
87.1628 
87.2267 
87.2907 
87.3547 
87.4187 
87.4827 
87.5468 
87.6109 
87.675 
87.7392 
87.8033 
87.8675 
87.9317 
87.996 
88.0602 
88.1245 
88.1888 
88.2531 
88.3175 
88.3819 
88.4463 
88.5107 
88.5752 
88.6396 
88.7041 
88.7687 
88.8332 
88.8978 
88.9624 
89.027 
89.0916 
89.1563 
89.221 
89.2857 
89.3504 
89.4152 
89.48 
89.5448 
89.6096 
89.6745 
89.7394 
89.8043 
89.8692 
89.9342 
89.9992 
90.0642 
90.1292 
90.1943 
90.2593 
90.3244 
90.3896 
90.4547 
90.5199 
90.5851 
90.6503 
90.7155 
90.7808 
90.8461 
90.9114 
90.9767 
91.0421 
91.1075 
91.1729 
91.2384 
91.3038 
91.3693 
91.4348 
91.5003 
91.5659 
91.6315 
91.6971 
91.7627 
91.8284 
91.894 
91.9597 
92.0255 
92.0912 
92.157 
92.2228 
92.2886 
92.3544 
92.4203 
92.4862 
92.5521 
92.6181 
92.684 
92.75 
92.816 
92.882 
92.9481 
93.0142 
93.0803 
93.1464 
93.2126 
93.2788 
93.345 
93.4112 
93.4775 
93.5437 
93.61 
93.6764 
93.7427 
93.8091 
93.8755 
93.9419 
94.0083 
94.0748 
94.1413 
94.2078 
94.2744 
94.3409 
94.4075 
94.4741 
94.5407 
94.6074 
94.6741 
94.7408 
94.8075 
94.8743 
94.9411 
95.0079 
95.0747 
95.1416 
95.2084 
95.2753 
95.3423 
95.4092 
95.4762 
95.5432 
95.6102 
95.6772 
95.7443 
95.8114 
95.8785 
95.9457 
96.0128 
96.08 
96.1472 
96.2144 
96.2817 
96.349 
96.4163 
96.4836 
96.551 
96.6184 
96.6858 
96.7532 
96.8207 
96.8881 
96.9556 
97.0232 
97.0907 
97.1583 
97.2259 
97.2935 
97.3611 
97.4288 
97.4965 
97.5642 
97.6319 
97.6997 
97.7675 
97.8353 
97.9031 
97.971 
98.0389 
98.1068 
98.1747 
98.2427 
98.3107 
98.3787 
98.4467 
98.5148 
98.5828 
98.6509 
98.7191 
98.7872 
98.8554 
98.9236 
98.9918 
99.06 
99.1283 
99.1966 
99.2649 
99.3333 
99.4016 
99.47 
99.5384 
99.6069 
99.6753 
99.7438 
99.8123 
99.8808 
99.9494 
100.018 
100.087 
100.155 
100.224 
100.293 
100.361 
100.43 
100.499 
100.567 
100.636 
100.705 
100.774 
100.843 
100.912 
100.981 
101.05 
101.119 
101.188 
101.257 
101.326 
101.395 
101.464 
101.533 
101.602 
101.671 
101.74 
101.809 
101.879 
101.948 
102.017 
102.087 
102.156 
102.225 
102.295 
102.364 
102.433 
102.503 
102.572 
102.642 
102.711 
102.781 
102.85 
102.92 
102.99 
103.059 
103.129 
103.199 
103.268 
103.338 
103.408 
103.478 
103.547 
103.617 
103.687 
103.757 
103.827 
103.897 
103.967 
104.037 
104.107 
104.177 
104.247 
104.317 
104.387 
104.457 
104.527 
104.597 
104.668 
104.738 
104.808 
104.878 
104.948 
105.019 
105.089 
105.159 
105.23 
105.3 
105.371 
105.441 
105.512 
105.582 
105.653 
105.723 
105.794 
105.864 
105.935 
106.006 
106.076 
106.147 
106.218 
106.288 
106.359 
106.43 
106.501 
106.572 
106.643 
106.713 
106.784 
106.855 
106.926 
106.997 
107.068 
107.139 
107.21 
107.281 
107.352 
107.424 
107.495 
107.566 
107.637 
107.708 
107.78 
107.851 
107.922 
107.993 
108.065 
108.136 
108.208 
108.279 
108.35 
108.422 
108.493 
108.565 
108.636 
108.708 
108.779 
108.851 
108.923 
108.994 
109.066 
109.138 
109.209 
109.281 
109.353 
109.425 
109.497 
109.568 
109.64 
109.712 
109.784 
109.856 
109.928 
110 
110.072 
110.144 
110.216 
110.288 
110.36 
110.432 
110.505 
110.577 
110.649 
110.721 
110.793 
110.866 
110.938 
111.01 
111.083 
111.155 
111.227 
111.3 
111.372 
111.445 
111.517 
111.59 
111.662 
111.735 
111.808 
111.88 
111.953 
112.025 
112.098 
112.171 
112.244 
112.316 
112.389 
112.462 
112.535 
112.608 
112.68 
112.753 
112.826 
112.899 
112.972 
113.045 
113.118 
113.191 
113.264 
113.337 
113.411 
113.484 
113.557 
113.63 
113.703 
113.776 
113.85 
113.923 
113.996 
114.07 
114.143 
114.216 
114.29 
114.363 
114.437 
114.51 
114.584 
114.657 
114.731 
114.804 
114.878 
114.951 
115.025 
115.099 
115.172 
115.246 
115.32 
115.394 
115.468 
115.541 
115.615 
115.689 
115.763 
115.837 
115.911 
115.985 
116.059 
116.133 
116.207 
116.281 
116.355 
116.429 
116.503 
116.577 
116.651 
116.726 
116.8 
116.874 
116.948 
117.023 
117.097 
117.171 
117.246 
117.32 
117.394 
117.469 
117.543 
117.618 
117.692 
117.767 
117.841 
117.916 
117.991 
118.065 
118.14 
118.215 
118.289 
118.364 
118.439 
118.513 
118.588 
118.663 
118.738 
118.813 
118.888 
118.963 
119.038 
119.113 
119.188 
119.263 
119.338 
119.413 
119.488 
119.563 
119.638 
119.713 
119.788 
119.863 
119.939 
120.014 
120.089 
120.165 
120.24 
120.315 
120.391 
120.466 
120.541 
120.617 
120.692 
120.768 
120.843 
120.919 
120.994 
121.07 
121.146 
121.221 
121.297 
121.373 
121.448 
121.524 
121.6 
121.676 
121.751 
121.827 
121.903 
121.979 
122.055 
122.131 
122.207 
122.283 
122.359 
122.435 
122.511 
122.587 
122.663 
122.739 
122.815 
122.891 
122.968 
123.044 
123.12 
123.196 
123.272 
123.349 
123.425 
123.501 
123.578 
123.654 
123.731 
123.807 
123.884 
123.96 
124.037 
124.113 
124.19 
124.266 
124.343 
124.42 
124.496 
124.573 
124.65 
124.726 
124.803 
124.88 
124.957 
125.034 
125.111 
125.187 
125.264 
125.341 
125.418 
125.495 
125.572 
125.649 
125.726 
125.803 
125.88 
125.958 
126.035 
126.112 
126.189 
126.266 
126.344 
126.421 
126.498 
126.575 
126.653 
126.73 
126.808 
126.885 
126.962 
127.04 
127.117 
127.195 
127.272 
127.35 
127.427 
127.505 
127.583 
127.66 
127.738 
127.816 
127.893 
127.971 
128.049 
128.127 
128.205 
128.282 
128.36 
128.438 
128.516 
128.594 
128.672 
128.75 
128.828 
128.906 
128.984 
129.062 
129.14 
129.218 
129.297 
129.375 
129.453 
129.531 
129.609 
129.688 
129.766 
129.844 
129.923 
130.001 
130.079 
130.158 
130.236 
130.315 
130.393 
130.472 
130.55 
130.629 
130.708 
130.786 
130.865 
130.943 
131.022 
131.101 
131.18 
131.258 
131.337 
131.416 
131.495 
131.574 
131.652 
131.731 
131.81 
131.889 
131.968 
132.047 
132.126 
132.205 
132.284 
132.363 
132.443 
132.522 
132.601 
132.68 
132.759 
132.838 
132.918 
132.997 
133.076 
133.156 
133.235 
133.314 
133.394 
133.473 
133.553 
133.632 
133.712 
133.791 
133.871 
133.95 
134.03 
134.109 
134.189 
134.269 
134.348 
134.428 
134.508 
134.588 
134.668 
134.747 
134.827 
134.907 
134.987 
135.067 
135.147 
135.227 
135.307 
135.387 
135.467 
135.547 
135.627 
135.707 
135.787 
135.867 
135.947 
136.028 
136.108 
136.188 
136.268 
136.349 
136.429 
136.509 
136.59 
136.67 
136.75 
136.831 
136.911 
136.992 
137.072 
137.153 
137.233 
137.314 
137.395 
137.475 
137.556 
137.637 
137.717 
137.798 
137.879 
137.959 
138.04 
138.121 
138.202 
138.283 
138.364 
138.445 
138.526 
138.607 
138.688 
138.769 
138.85 
138.931 
139.012 
139.093 
139.174 
139.255 
139.336 
139.417 
139.499 
139.58 
139.661 
139.743 
139.824 
139.905 
139.987 
140.068 
140.149 
140.231 
140.312 
140.394 
140.475 
140.557 
140.638 
140.72 
140.802 
140.883 
140.965 
141.047 
141.128 
141.21 
141.292 
141.374 
141.455 
141.537 
141.619 
141.701 
141.783 
141.865 
141.947 
142.029 
142.111 
142.193 
142.275 
142.357 
142.439 
142.521 
142.603 
142.685 
142.768 
142.85 
142.932 
143.014 
143.096 
143.179 
143.261 
143.343 
143.426 
143.508 
143.591 
143.673 
143.756 
143.838 
143.921 
144.003 
144.086 
144.168 
144.251 
144.334 
144.416 
144.499 
144.582 
144.664 
144.747 
144.83 
144.913 
144.996 
145.079 
145.161 
145.244 
145.327 
145.41 
145.493 
145.576 
145.659 
145.742 
145.825 
145.908 
145.992 
146.075 
146.158 
146.241 
146.324 
146.408 
146.491 
146.574 
146.657 
146.741 
146.824 
146.908 
146.991 
147.074 
147.158 
147.241 
147.325 
147.408 
147.492 
147.575 
147.659 
147.743 
147.826 
147.91 
147.994 
148.077 
148.161 
148.245 
148.329 
148.413 
148.496 
148.58 
148.664 
148.748 
148.832 
148.916 
149 
149.084 
149.168 
149.252 
149.336 
149.42 
149.504 
149.589 
149.673 
149.757 
149.841 
149.925 
150.01 
150.094 
150.178 
150.263 
150.347 
150.431 
150.516 
150.6 
150.685 
150.769 
150.854 
150.938 
151.023 
151.108 
151.192 
151.277 
151.361 
151.446 
151.531 
151.616 
151.7 
151.785 
151.87 
151.955 
152.04 
152.124 
152.209 
152.294 
152.379 
152.464 
152.549 
152.634 
152.719 
152.804 
152.889 
152.975 
153.06 
153.145 
153.23 
153.315 
153.4 
153.486 
153.571 
153.656 
153.742 
153.827 
153.912 
153.998 
154.083 
154.169 
154.254 
154.34 
154.425 
154.511 
154.596 
154.682 
154.767 
154.853 
154.939 
155.024 
155.11 
155.196 
155.282 
155.368 
155.453 
155.539 
155.625 
155.711 
155.797 
155.883 
155.969 
156.055 
156.141 
156.227 
156.313 
156.399 
156.485 
156.571 
156.657 
156.743 
156.83 
156.916 
157.002 
157.088 
157.175 
157.261 
157.347 
157.434 
157.52 
157.606 
157.693 
157.779 
157.866 
157.952 
158.039 
158.125 
158.212 
158.299 
158.385 
158.472 
158.559 
158.645 
158.732 
158.819 
158.905 
158.992 
159.079 
159.166 
159.253 
159.34 
159.427 
159.514 
159.601 
159.688 
159.775 
159.862 
159.949 
160.036 
160.123 
160.21 
160.297 
160.384 
160.471 
160.559 
160.646 
160.733 
160.821 
160.908 
160.995 
161.083 
161.17 
161.257 
161.345 
161.432 
161.52 
161.607 
161.695 
161.782 
161.87 
161.958 
162.045 
162.133 
162.221 
162.308 
162.396 
162.484 
162.572 
162.659 
162.747 
162.835 
162.923 
163.011 
163.099 
163.187 
163.275 
163.363 
163.451 
163.539 
163.627 
163.715 
163.803 
163.891 
163.979 
164.068 
164.156 
164.244 
164.332 
164.42 
164.509 
164.597 
164.685 
164.774 
164.862 
164.951 
165.039 
165.128 
165.216 
165.305 
165.393 
165.482 
165.57 
165.659 
165.748 
165.836 
165.925 
166.014 
166.102 
166.191 
166.28 
166.369 
166.458 
166.547 
166.635 
166.724 
166.813 
166.902 
166.991 
167.08 
167.169 
167.258 
167.347 
167.436 
167.526 
167.615 
167.704 
167.793 
167.882 
167.972 
168.061 
168.15 
168.239 
168.329 
168.418 
168.508 
168.597 
168.686 
168.776 
168.865 
168.955 
169.044 
169.134 
169.223 
169.313 
169.403 
169.492 
169.582 
169.672 
169.761 
169.851 
169.941 
170.031 
170.121 
170.21 
170.3 
170.39 
170.48 
170.57 
170.66 
170.75 
170.84 
170.93 
171.02 
171.11 
171.2 
171.29 
171.381 
171.471 
171.561 
171.651 
171.741 
171.832 
171.922 
172.012 
172.103 
172.193 
172.283 
172.374 
172.464 
172.555 
172.645 
172.736 
172.826 
172.917 
173.008 
173.098 
173.189 
173.279 
173.37 
173.461 
173.552 
173.642 
173.733 
173.824 
173.915 
174.006 
174.096 
174.187 
174.278 
174.369 
174.46 
174.551 
174.642 
174.733 
174.824 
174.915 
175.007 
175.098 
175.189 
175.28 
175.371 
175.462 
175.554 
175.645 
175.736 
175.828 
175.919 
176.01 
176.102 
176.193 
176.285 
176.376 
176.468 
176.559 
176.651 
176.742 
176.834 
176.925 
177.017 
177.109 
177.2 
177.292 
177.384 
177.476 
177.568 
177.659 
177.751 
177.843 
177.935 
178.027 
178.119 
178.211 
178.303 
178.395 
178.487 
178.579 
178.671 
178.763 
178.855 
178.947 
179.039 
179.132 
179.224 
179.316 
179.408 
179.501 
179.593 
179.685 
179.778 
179.87 
179.962 
180.055 
180.147 
180.24 
180.332 
180.425 
180.517 
180.61 
180.703 
180.795 
180.888 
180.981 
181.073 
181.166 
181.259 
181.351 
181.444 
181.537 
181.63 
181.723 
181.816 
181.909 
182.002 
182.095 
182.188 
182.281 
182.374 
182.467 
182.56 
182.653 
182.746 
182.839 
182.932 
183.025 
183.119 
183.212 
183.305 
183.399 
183.492 
183.585 
183.679 
183.772 
183.865 
183.959 
184.052 
184.146 
184.239 
184.333 
184.426 
184.52 
184.614 
184.707 
184.801 
184.895 
184.988 
185.082 
185.176 
185.27 
185.363 
185.457 
185.551 
185.645 
185.739 
185.833 
185.927 
186.021 
186.115 
186.209 
186.303 
186.397 
186.491 
186.585 
186.679 
186.773 
186.868 
186.962 
187.056 
187.15 
187.244 
187.339 
187.433 
187.527 
187.622 
187.716 
187.811 
187.905 
188 
188.094 
188.189 
188.283 
188.378 
188.472 
188.567 
188.662 
188.756 
188.851 
188.946 
189.04 
189.135 
189.23 
189.325 
189.42 
189.515 
189.609 
189.704 
189.799 
189.894 
189.989 
190.084 
190.179 
190.274 
190.369 
190.464 
190.56 
190.655 
190.75 
190.845 
190.94 
191.036 
191.131 
191.226 
191.321 
191.417 
191.512 
191.608 
191.703 
191.798 
191.894 
191.989 
192.085 
192.18 
192.276 
192.371 
192.467 
192.563 
192.658 
192.754 
192.85 
192.945 
193.041 
193.137 
193.233 
193.329 
193.424 
193.52 
193.616 
193.712 
193.808 
193.904 
194 
194.096 
194.192 
194.288 
194.384 
194.48 
194.576 
194.673 
194.769 
194.865 
194.961 
195.057 
195.154 
195.25 
195.346 
195.443 
195.539 
195.635 
195.732 
195.828 
195.925 
196.021 
196.118 
196.214 
196.311 
196.408 
196.504 
196.601 
196.697 
196.794 
196.891 
196.988 
197.084 
197.181 
197.278 
197.375 
197.472 
197.568 
197.665 
197.762 
197.859 
197.956 
198.053 
198.15 
198.247 
198.344 
198.441 
198.539 
198.636 
198.733 
198.83 
198.927 
199.024 
199.122 
199.219 
199.316 
199.414 
199.511 
199.608 
199.706 
199.803 
199.901 
199.998 
200.096 
200.193 
200.291 
200.388 
200.486 
200.583 
200.681 
200.779 
200.876 
200.974 
201.072 
201.17 
201.268 
201.365 
201.463 
201.561 
201.659 
201.757 
201.855 
201.953 
202.051 
202.149 
202.247 
202.345 
202.443 
202.541 
202.639 
202.737 
202.835 
202.934 
203.032 
203.13 
203.228 
203.327 
203.425 
203.523 
203.622 
203.72 
203.818 
203.917 
204.015 
204.114 
204.212 
204.311 
204.409 
204.508 
204.607 
204.705 
204.804 
204.903 
205.001 
205.1 
205.199 
205.297 
205.396 
205.495 
205.594 
205.693 
205.792 
205.891 
205.99 
206.089 
206.188 
206.287 
206.386 
206.485 
206.584 
206.683 
206.782 
206.881 
206.98 
207.079 
207.179 
207.278 
207.377 
207.477 
207.576 
207.675 
207.775 
207.874 
207.973 
208.073 
208.172 
208.272 
208.371 
208.471 
208.57 
208.67 
208.77 
208.869 
208.969 
209.069 
209.168 
209.268 
209.368 
209.468 
209.567 
209.667 
209.767 
209.867 
209.967 
210.067 
210.167 
210.267 
210.367 
210.467 
210.567 
210.667 
210.767 
210.867 
210.967 
211.067 
211.168 
211.268 
211.368 
211.468 
211.568 
211.669 
211.769 
211.869 
211.97 
212.07 
212.171 
212.271 
212.372 
212.472 
212.573 
212.673 
212.774 
212.874 
212.975 
213.076 
213.176 
213.277 
213.378 
213.478 
213.579 
213.68 
213.781 
213.882 
213.983 
214.083 
214.184 
214.285 
214.386 
214.487 
214.588 
214.689 
214.79 
214.891 
214.992 
215.094 
215.195 
215.296 
215.397 
215.498 
215.6 
215.701 
215.802 
215.903 
216.005 
216.106 
216.208 
216.309 
216.41 
216.512 
216.613 
216.715 
216.816 
216.918 
217.019 
217.121 
217.223 
217.324 
217.426 
217.528 
217.629 
217.731 
217.833 
217.935 
218.037 
218.138 
218.24 
218.342 
218.444 
218.546 
218.648 
218.75 
218.852 
218.954 
219.056 
219.158 
219.26 
219.362 
219.465 
219.567 
219.669 
219.771 
219.873 
219.976 
220.078 
220.18 
220.283 
220.385 
220.487 
220.59 
220.692 
220.795 
220.897 
221 
221.102 
221.205 
221.308 
221.41 
221.513 
221.615 
221.718 
221.821 
221.924 
222.026 
222.129 
222.232 
222.335 
222.438 
222.54 
222.643 
222.746 
222.849 
222.952 
223.055 
223.158 
223.261 
223.364 
223.467 
223.571 
223.674 
223.777 
223.88 
223.983 
224.086 
224.19 
224.293 
224.396 
224.5 
224.603 
224.706 
224.81 
224.913 
225.017 
225.12 
225.224 
225.327 
225.431 
225.534 
225.638 
225.741 
225.845 
225.949 
226.052 
226.156 
226.26 
226.364 
226.468 
226.571 
226.675 
226.779 
226.883 
226.987 
227.091 
227.195 
227.299 
227.403 
227.507 
227.611 
227.715 
227.819 
227.923 
228.027 
228.131 
228.236 
228.34 
228.444 
228.548 
228.653 
228.757 
228.861 
228.966 
229.07 
229.174 
229.279 
229.383 
229.488 
229.592 
229.697 
229.801 
229.906 
230.011 
230.115 
230.22 
230.325 
230.429 
230.534 
230.639 
230.743 
230.848 
230.953 
231.058 
231.163 
231.268 
231.373 
231.478 
231.583 
231.688 
231.793 
231.898 
232.003 
232.108 
232.213 
232.318 
232.423 
232.528 
232.633 
232.739 
232.844 
232.949 
233.055 
233.16 
233.265 
233.371 
233.476 
233.581 
233.687 
233.792 
233.898 
234.003 
234.109 
234.214 
234.32 
234.426 
234.531 
234.637 
234.743 
234.848 
234.954 
235.06 
235.166 
235.271 
235.377 
235.483 
235.589 
235.695 
235.801 
235.907 
236.013 
236.119 
236.225 
236.331 
236.437 
236.543 
236.649 
236.755 
236.861 
236.968 
237.074 
237.18 
237.286 
237.392 
237.499 
237.605 
237.711 
237.818 
237.924 
238.031 
238.137 
238.244 
238.35 
238.457 
238.563 
238.67 
238.776 
238.883 
238.99 
239.096 
239.203 
239.31 
239.416 
239.523 
239.63 
239.737 
239.844 
239.951 
240.057 
240.164 
240.271 
240.378 
240.485 
240.592 
240.699 
240.806 
240.913 
241.02 
241.128 
241.235 
241.342 
241.449 
241.556 
241.664 
241.771 
241.878 
241.985 
242.093 
242.2 
242.308 
242.415 
242.522 
242.63 
242.737 
242.845 
242.952 
243.06 
243.167 
243.275 
243.383 
243.49 
243.598 
243.706 
243.813 
243.921 
244.029 
244.137 
244.245 
244.352 
244.46 
244.568 
244.676 
244.784 
244.892 
245 
245.108 
245.216 
245.324 
245.432 
245.54 
245.648 
245.757 
245.865 
245.973 
246.081 
246.189 
246.298 
246.406 
246.514 
246.623 
246.731 
246.839 
246.948 
247.056 
247.165 
247.273 
247.382 
247.49 
247.599 
247.708 
247.816 
247.925 
248.033 
248.142 
248.251 
248.36 
248.468 
248.577 
248.686 
248.795 
248.904 
249.012 
249.121 
249.23 
249.339 
249.448 
249.557 
249.666 
249.775 
249.884 
249.993 
250.103 
250.212 
250.321 
250.43 
250.539 
250.648 
250.758 
250.867 
250.976 
251.086 
251.195 
251.304 
251.414 
251.523 
251.633 
251.742 
251.852 
251.961 
252.071 
252.18 
252.29 
252.399 
252.509 
252.619 
252.728 
252.838 
252.948 
253.058 
253.168 
253.277 
253.387 
253.497 
253.607 
253.717 
253.827 
253.937 
254.047 
254.157 
254.267 
254.377 
254.487 
254.597 
254.707 
254.817 
254.927 
255.038 
255.148 
255.258 
255.368 
255.479 
255.589 
255.699 
255.81 
255.92 
256.03 
256.141 
256.251 
256.362 
256.472 
256.583 
256.693 
256.804 
256.915 
257.025 
257.136 
257.247 
257.357 
257.468 
257.579 
257.689 
257.8 
257.911 
258.022 
258.133 
258.244 
258.355 
258.466 
258.577 
258.688 
258.799 
258.91 
259.021 
259.132 
259.243 
259.354 
259.465 
259.576 
259.687 
259.799 
259.91 
260.021 
260.133 
260.244 
260.355 
260.467 
260.578 
260.689 
260.801 
260.912 
261.024 
261.135 
261.247 
261.358 
261.47 
261.582 
261.693 
261.805 
261.917 
262.028 
262.14 
262.252 
262.364 
262.475 
262.587 
262.699 
262.811 
262.923 
263.035 
263.147 
263.259 
263.371 
263.483 
263.595 
263.707 
263.819 
263.931 
264.043 
264.155 
264.268 
264.38 
264.492 
264.604 
264.716 
264.829 
264.941 
265.053 
265.166 
265.278 
265.391 
265.503 
265.616 
265.728 
265.841 
265.953 
266.066 
266.178 
266.291 
266.404 
266.516 
266.629 
266.742 
266.854 
266.967 
267.08 
267.193 
267.306 
267.419 
267.531 
267.644 
267.757 
267.87 
267.983 
268.096 
268.209 
268.322 
268.435 
268.548 
268.662 
268.775 
268.888 
269.001 
269.114 
269.228 
269.341 
269.454 
269.567 
269.681 
269.794 
269.908 
270.021 
270.134 
270.248 
270.361 
270.475 
270.588 
270.702 
270.815 
270.929 
271.043 
271.156 
271.27 
271.384 
271.497 
271.611 
271.725 
271.839 
271.953 
272.066 
272.18 
272.294 
272.408 
272.522 
272.636 
272.75 
272.864 
272.978 
273.092 
273.206 
273.32 
273.434 
273.549 
273.663 
273.777 
273.891 
274.005 
274.12 
274.234 
274.348 
274.463 
274.577 
274.691 
274.806 
274.92 
275.035 
275.149 
275.264 
275.378 
275.493 
275.608 
275.722 
275.837 
275.951 
276.066 
276.181 
276.296 
276.41 
276.525 
276.64 
276.755 
276.87 
276.984 
277.099 
277.214 
277.329 
277.444 
277.559 
277.674 
277.789 
277.904 
278.019 
278.135 
278.25 
278.365 
278.48 
278.595 
278.71 
278.826 
278.941 
279.056 
279.172 
279.287 
279.402 
279.518 
279.633 
279.749 
279.864 
279.98 
280.095 
280.211 
280.326 
280.442 
280.557 
280.673 
280.789 
280.904 
281.02 
281.136 
281.252 
281.368 
281.483 
281.599 
281.715 
281.831 
281.947 
282.063 
282.179 
282.295 
282.411 
282.527 
282.643 
282.759 
282.875 
282.991 
283.107 
283.223 
283.34 
283.456 
283.572 
283.688 
283.805 
283.921 
284.037 
284.154 
284.27 
284.386 
284.503 
284.619 
284.736 
284.852 
284.969 
285.085 
285.202 
285.319 
285.435 
285.552 
285.669 
285.785 
285.902 
286.019 
286.135 
286.252 
286.369 
286.486 
286.603 
286.72 
286.837 
286.954 
287.071 
287.188 
287.305 
287.422 
287.539 
287.656 
287.773 
287.89 
288.007 
288.124 
288.241 
288.359 
288.476 
288.593 
288.711 
288.828 
288.945 
289.063 
289.18 
289.297 
289.415 
289.532 
289.65 
289.767 
289.885 
290.002 
290.12 
290.238 
290.355 
290.473 
290.591 
290.708 
290.826 
290.944 
291.062 
291.179 
291.297 
291.415 
291.533 
291.651 
291.769 
291.887 
292.005 
292.123 
292.241 
292.359 
292.477 
292.595 
292.713 
292.831 
292.949 
293.068 
293.186 
293.304 
293.422 
293.54 
293.659 
293.777 
293.895 
294.014 
294.132 
294.251 
294.369 
294.488 
294.606 
294.725 
294.843 
294.962 
295.08 
295.199 
295.318 
295.436 
295.555 
295.674 
295.792 
295.911 
296.03 
296.149 
296.268 
296.387 
296.505 
296.624 
296.743 
296.862 
296.981 
297.1 
297.219 
297.338 
297.457 
297.576 
297.696 
297.815 
297.934 
298.053 
298.172 
298.292 
298.411 
298.53 
298.649 
298.769 
298.888 
299.008 
299.127 
299.246 
299.366 
299.485 
299.605 
299.724 
299.844 
299.963 
300.083 
300.203 
300.322 
300.442 
300.562 
300.681 
300.801 
300.921 
301.041 
301.161 
301.28 
301.4 
301.52 
301.64 
301.76 
301.88 
302 
302.12 
302.24 
302.36 
302.48 
302.6 
302.72 
302.841 
302.961 
303.081 
303.201 
303.321 
303.442 
303.562 
303.682 
303.803 
303.923 
304.043 
304.164 
304.284 
304.405 
304.525 
304.646 
304.766 
304.887 
305.008 
305.128 
305.249 
305.369 
305.49 
305.611 
305.732 
305.852 
305.973 
306.094 
306.215 
306.336 
306.456 
306.577 
306.698 
306.819 
306.94 
307.061 
307.182 
307.303 
307.424 
307.545 
307.667 
307.788 
307.909 
308.03 
308.151 
308.272 
308.394 
308.515 
308.636 
308.758 
308.879 
309 
309.122 
309.243 
309.365 
309.486 
309.608 
309.729 
309.851 
309.972 
310.094 
310.215 
310.337 
310.459 
310.58 
310.702 
310.824 
310.946 
311.068 
311.189 
311.311 
311.433 
311.555 
311.677 
311.799 
311.921 
312.043 
312.165 
312.287 
312.409 
312.531 
312.653 
312.775 
312.897 
313.019 
313.142 
313.264 
313.386 
313.508 
313.631 
313.753 
313.875 
313.998 
314.12 
314.242 
314.365 
314.487 
314.61 
314.732 
314.855 
314.977 
315.1 
315.223 
315.345 
315.468 
315.591 
315.713 
315.836 
315.959 
316.081 
316.204 
316.327 
316.45 
316.573 
316.696 
316.819 
316.942 
317.065 
317.188 
317.311 
317.434 
317.557 
317.68 
317.803 
317.926 
318.049 
318.172 
318.295 
318.419 
318.542 
318.665 
318.789 
318.912 
319.035 
319.159 
319.282 
319.405 
319.529 
319.652 
319.776 
319.899 
320.023 
320.146 
320.27 
320.394 
320.517 
320.641 
320.765 
320.888 
321.012 
321.136 
321.26 
321.383 
321.507 
321.631 
321.755 
321.879 
322.003 
322.127 
322.251 
322.375 
322.499 
322.623 
322.747 
322.871 
322.995 
323.119 
323.243 
323.368 
323.492 
323.616 
323.74 
323.864 
323.989 
324.113 
324.237 
324.362 
324.486 
324.611 
324.735 
324.86 
324.984 
325.109 
325.233 
325.358 
325.482 
325.607 
325.732 
325.856 
325.981 
326.106 
326.23 
326.355 
326.48 
326.605 
326.73 
326.855 
326.979 
327.104 
327.229 
327.354 
327.479 
327.604 
327.729 
327.854 
327.979 
328.104 
328.23 
328.355 
328.48 
328.605 
328.73 
328.856 
328.981 
329.106 
329.231 
329.357 
329.482 
329.608 
329.733 
329.858 
329.984 
330.109 
330.235 
330.36 
330.486 
330.611 
330.737 
330.863 
330.988 
331.114 
331.24 
331.365 
331.491 
331.617 
331.743 
331.869 
331.994 
332.12 
332.246 
332.372 
332.498 
332.624 
332.75 
332.876 
333.002 
333.128 
333.254 
333.38 
333.506 
333.633 
333.759 
333.885 
334.011 
334.137 
334.264 
334.39 
334.516 
334.643 
334.769 
334.895 
335.022 
335.148 
335.275 
335.401 
335.528 
335.654 
335.781 
335.908 
336.034 
336.161 
336.287 
336.414 
336.541 
336.668 
336.794 
336.921 
337.048 
337.175 
337.302 
337.428 
337.555 
337.682 
337.809 
337.936 
338.063 
338.19 
338.317 
338.444 
338.571 
338.699 
338.826 
338.953 
339.08 
339.207 
339.334 
339.462 
339.589 
339.716 
339.844 
339.971 
340.098 
340.226 
340.353 
340.481 
340.608 
340.736 
340.863 
340.991 
341.118 
341.246 
341.373 
341.501 
341.629 
341.756 
341.884 
342.012 
342.14 
342.268 
342.395 
342.523 
342.651 
342.779 
342.907 
343.035 
343.163 
343.291 
343.419 
343.547 
343.675 
343.803 
343.931 
344.059 
344.187 
344.315 
344.444 
344.572 
344.7 
344.828 
344.957 
345.085 
345.213 
345.342 
345.47 
345.598 
345.727 
345.855 
345.984 
346.112 
346.241 
346.369 
346.498 
346.627 
346.755 
346.884 
347.013 
347.141 
347.27 
347.399 
347.527 
347.656 
347.785 
347.914 
348.043 
348.172 
348.301 
348.43 
348.559 
348.688 
348.817 
348.946 
349.075 
349.204 
349.333 
349.462 
349.591 
349.72 
349.849 
349.979 
350.108 
350.237 
350.367 
350.496 
350.625 
350.755 
350.884 
351.013 
351.143 
351.272 
351.402 
351.531 
351.661 
351.79 
351.92 
352.05 
352.179 
352.309 
352.439 
352.568 
352.698 
352.828 
352.958 
353.087 
353.217 
353.347 
353.477 
353.607 
353.737 
353.867 
353.997 
354.127 
354.257 
354.387 
354.517 
354.647 
354.777 
354.907 
355.037 
355.168 
355.298 
355.428 
355.558 
355.688 
355.819 
355.949 
356.079 
356.21 
356.34 
356.471 
356.601 
356.732 
356.862 
356.993 
357.123 
357.254 
357.384 
357.515 
357.646 
357.776 
357.907 
358.038 
358.168 
358.299 
358.43 
358.561 
358.692 
358.823 
358.953 
359.084 
359.215 
359.346 
359.477 
359.608 
359.739 
359.87 
360.001 
360.132 
360.264 
360.395 
360.526 
360.657 
360.788 
360.92 
361.051 
361.182 
361.313 
361.445 
361.576 
361.708 
361.839 
361.97 
362.102 
362.233 
362.365 
362.496 
362.628 
362.759 
362.891 
363.023 
363.154 
363.286 
363.418 
363.549 
363.681 
363.813 
363.945 
364.077 
364.208 
364.34 
364.472 
364.604 
364.736 
364.868 
365 
365.132 
365.264 
365.396 
365.528 
365.66 
365.792 
365.925 
366.057 
366.189 
366.321 
366.453 
366.586 
366.718 
366.85 
366.983 
367.115 
367.247 
367.38 
367.512 
367.645 
367.777 
367.91 
368.042 
368.175 
368.308 
368.44 
368.573 
368.705 
368.838 
368.971 
369.104 
369.236 
369.369 
369.502 
369.635 
369.768 
369.9 
370.033 
370.166 
370.299 
370.432 
370.565 
370.698 
370.831 
370.964 
371.097 
371.231 
371.364 
371.497 
371.63 
371.763 
371.896 
372.03 
372.163 
372.296 
372.43 
372.563 
372.696 
372.83 
372.963 
373.097 
373.23 
373.364 
373.497 
373.631 
373.764 
373.898 
374.031 
374.165 
374.299 
374.432 
374.566 
374.7 
374.834 
374.968 
375.101 
375.235 
375.369 
375.503 
375.637 
375.771 
375.905 
376.039 
376.173 
376.307 
376.441 
376.575 
376.709 
376.843 
376.977 
377.111 
377.246 
377.38 
377.514 
377.648 
377.783 
377.917 
378.051 
378.186 
378.32 
378.454 
378.589 
378.723 
378.858 
378.992 
379.127 
379.261 
379.396 
379.531 
379.665 
379.8 
379.935 
380.069 
380.204 
380.339 
380.473 
380.608 
380.743 
380.878 
381.013 
381.148 
381.283 
381.418 
381.553 
381.688 
381.823 
381.958 
382.093 
382.228 
382.363 
382.498 
382.633 
382.768 
382.903 
383.039 
383.174 
383.309 
383.445 
383.58 
383.715 
383.851 
383.986 
384.121 
384.257 
384.392 
384.528 
384.663 
384.799 
384.934 
385.07 
385.206 
385.341 
385.477 
385.613 
385.748 
385.884 
386.02 
386.156 
386.291 
386.427 
386.563 
386.699 
386.835 
386.971 
387.107 
387.243 
387.379 
387.515 
387.651 
387.787 
387.923 
388.059 
388.195 
388.331 
388.468 
388.604 
388.74 
388.876 
389.012 
389.149 
389.285 
389.421 
389.558 
389.694 
389.831 
389.967 
390.104 
390.24 
390.377 
390.513 
390.65 
390.786 
390.923 
391.06 
391.196 
391.333 
391.47 
391.606 
391.743 
391.88 
392.017 
392.154 
392.291 
392.427 
392.564 
392.701 
392.838 
392.975 
393.112 
393.249 
393.386 
393.523 
393.66 
393.798 
393.935 
394.072 
394.209 
394.346 
394.484 
394.621 
394.758 
394.895 
395.033 
395.17 
395.308 
395.445 
395.582 
395.72 
395.857 
395.995 
396.132 
396.27 
396.407 
396.545 
396.683 
396.82 
396.958 
397.096 
397.233 
397.371 
397.509 
397.647 
397.785 
397.922 
398.06 
398.198 
398.336 
398.474 
398.612 
398.75 
398.888 
399.026 
399.164 
399.302 
399.44 
399.578 
399.717 
399.855 
399.993 
400.131 
400.269 
400.408 
400.546 
400.684 
400.823 
400.961 
401.099 
401.238 
401.376 
401.515 
401.653 
401.792 
401.93 
402.069 
402.208 
402.346 
402.485 
402.623 
402.762 
402.901 
403.04 
403.178 
403.317 
403.456 
403.595 
403.734 
403.872 
404.011 
404.15 
404.289 
404.428 
404.567 
404.706 
404.845 
404.984 
405.123 
405.263 
405.402 
405.541 
405.68 
405.819 
405.958 
406.098 
406.237 
406.376 
406.516 
406.655 
406.794 
406.934 
407.073 
407.213 
407.352 
407.492 
407.631 
407.771 
407.91 
408.05 
408.189 
408.329 
408.469 
408.608 
408.748 
408.888 
409.028 
409.168 
409.307 
409.447 
409.587 
409.727 
409.867 
410.007 
410.147 
410.287 
410.427 
410.567 
410.707 
410.847 
410.987 
411.127 
411.267 
411.407 
411.548 
411.688 
411.828 
411.968 
412.109 
412.249 
412.389 
412.53 
412.67 
412.81 
412.951 
413.091 
413.232 
413.372 
413.513 
413.653 
413.794 
413.935 
414.075 
414.216 
414.357 
414.497 
414.638 
414.779 
414.919 
415.06 
415.201 
415.342 
415.483 
415.624 
415.765 
415.906 
416.047 
416.188 
416.329 
416.47 
416.611 
416.752 
416.893 
417.034 
417.175 
417.316 
417.457 
417.599 
417.74 
417.881 
418.023 
418.164 
418.305 
418.447 
418.588 
418.729 
418.871 
419.012 
419.154 
419.295 
419.437 
419.578 
419.72 
419.862 
420.003 
420.145 
420.287 
420.428 
420.57 
420.712 
420.854 
420.995 
421.137 
421.279 
421.421 
421.563 
421.705 
421.847 
421.989 
422.131 
422.273 
422.415 
422.557 
422.699 
422.841 
422.983 
423.125 
423.268 
423.41 
423.552 
423.694 
423.836 
423.979 
424.121 
424.263 
424.406 
424.548 
424.691 
424.833 
424.976 
425.118 
425.261 
425.403 
425.546 
425.688 
425.831 
425.974 
426.116 
426.259 
426.402 
426.544 
426.687 
426.83 
426.973 
427.116 
427.259 
427.401 
427.544 
427.687 
427.83 
427.973 
428.116 
428.259 
428.402 
428.545 
428.688 
428.832 
428.975 
429.118 
429.261 
429.404 
429.548 
429.691 
429.834 
429.977 
430.121 
430.264 
430.408 
430.551 
430.694 
430.838 
430.981 
431.125 
431.268 
431.412 
431.555 
431.699 
431.843 
431.986 
432.13 
432.274 
432.417 
432.561 
432.705 
432.849 
432.993 
433.136 
433.28 
433.424 
433.568 
433.712 
433.856 
434 
434.144 
434.288 
434.432 
434.576 
434.72 
434.864 
435.009 
435.153 
435.297 
435.441 
435.585 
435.73 
435.874 
436.018 
436.163 
436.307 
436.451 
436.596 
436.74 
436.885 
437.029 
437.174 
437.318 
437.463 
437.608 
437.752 
437.897 
438.041 
438.186 
438.331 
438.476 
438.62 
438.765 
438.91 
439.055 
439.2 
439.344 
439.489 
439.634 
439.779 
439.924 
440.069 
440.214 
440.359 
440.504 
440.649 
440.795 
440.94 
441.085 
441.23 
441.375 
441.52 
441.666 
441.811 
441.956 
442.102 
442.247 
442.392 
442.538 
442.683 
442.829 
442.974 
443.12 
443.265 
443.411 
443.556 
443.702 
443.847 
443.993 
444.139 
444.284 
444.43 
444.576 
444.722 
444.868 
445.013 
445.159 
445.305 
445.451 
445.597 
445.743 
445.889 
446.035 
446.181 
446.327 
446.473 
446.619 
446.765 
446.911 
447.057 
447.203 
447.35 
447.496 
447.642 
447.788 
447.935 
448.081 
448.227 
448.374 
448.52 
448.666 
448.813 
448.959 
449.106 
449.252 
449.399 
449.545 
449.692 
449.839 
449.985 
450.132 
450.279 
450.425 
450.572 
450.719 
450.865 
451.012 
451.159 
451.306 
451.453 
451.6 
451.747 
451.894 
452.041 
452.188 
452.335 
452.482 
452.629 
452.776 
452.923 
453.07 
453.217 
453.364 
453.511 
453.659 
453.806 
453.953 
454.101 
454.248 
454.395 
454.543 
454.69 
454.837 
454.985 
455.132 
455.28 
455.427 
455.575 
455.722 
455.87 
456.018 
456.165 
456.313 
456.461 
456.608 
456.756 
456.904 
457.052 
457.199 
457.347 
457.495 
457.643 
457.791 
457.939 
458.087 
458.235 
458.383 
458.531 
458.679 
458.827 
458.975 
459.123 
459.271 
459.419 
459.568 
459.716 
459.864 
460.012 
460.16 
460.309 
460.457 
460.605 
460.754 
460.902 
461.051 
461.199 
461.348 
461.496 
461.645 
461.793 
461.942 
462.09 
462.239 
462.388 
462.536 
462.685 
462.834 
462.982 
463.131 
463.28 
463.429 
463.578 
463.727 
463.875 
464.024 
464.173 
464.322 
464.471 
464.62 
464.769 
464.918 
465.067 
465.216 
465.366 
465.515 
465.664 
465.813 
465.962 
466.112 
466.261 
466.41 
466.559 
466.709 
466.858 
467.008 
467.157 
467.306 
467.456 
467.605 
467.755 
467.904 
468.054 
468.203 
468.353 
468.503 
468.652 
468.802 
468.952 
469.101 
469.251 
469.401 
469.551 
469.701 
469.85 
470 
470.15 
470.3 
470.45 
470.6 
470.75 
470.9 
471.05 
471.2 
471.35 
471.5 
471.65 
471.801 
471.951 
472.101 
472.251 
472.401 
472.552 
472.702 
472.852 
473.003 
473.153 
473.303 
473.454 
473.604 
473.755 
473.905 
474.056 
474.206 
474.357 
474.508 
474.658 
474.809 
474.959 
475.11 
475.261 
475.412 
475.562 
475.713 
475.864 
476.015 
476.166 
476.316 
476.467 
476.618 
476.769 
476.92 
477.071 
477.222 
477.373 
477.524 
477.675 
477.827 
477.978 
478.129 
478.28 
478.431 
478.582 
478.734 
478.885 
479.036 
479.188 
479.339 
479.49 
479.642 
479.793 
479.945 
480.096 
480.248 
480.399 
480.551 
480.702 
480.854 
481.005 
481.157 
481.309 
481.46 
481.612 
481.764 
481.916 
482.068 
482.219 
482.371 
482.523 
482.675 
482.827 
482.979 
483.131 
483.283 
483.435 
483.587 
483.739 
483.891 
484.043 
484.195 
484.347 
484.499 
484.652 
484.804 
484.956 
485.108 
485.261 
485.413 
485.565 
485.718 
485.87 
486.022 
486.175 
486.327 
486.48 
486.632 
486.785 
486.937 
487.09 
487.243 
487.395 
487.548 
487.701 
487.853 
488.006 
488.159 
488.311 
488.464 
488.617 
488.77 
488.923 
489.076 
489.229 
489.382 
489.535 
489.688 
489.841 
489.994 
490.147 
490.3 
490.453 
490.606 
490.759 
490.912 
491.065 
491.219 
491.372 
491.525 
491.679 
491.832 
491.985 
492.139 
492.292 
492.445 
492.599 
492.752 
492.906 
493.059 
493.213 
493.366 
493.52 
493.674 
493.827 
493.981 
494.135 
494.288 
494.442 
494.596 
494.75 
494.903 
495.057 
495.211 
495.365 
495.519 
495.673 
495.827 
495.981 
496.135 
496.289 
496.443 
496.597 
496.751 
496.905 
497.059 
497.213 
497.368 
497.522 
497.676 
497.83 
497.984 
498.139 
498.293 
498.447 
498.602 
498.756 
498.911 
499.065 
499.22 
499.374 
499.529 
499.683 
499.838 
499.992 
500.147 
500.302 
500.456 
500.611 
500.766 
500.92 
501.075 
501.23 
501.385 
501.54 
501.695 
501.849 
502.004 
502.159 
502.314 
502.469 
502.624 
502.779 
502.934 
503.089 
503.244 
503.4 
503.555 
503.71 
503.865 
504.02 
504.176 
504.331 
504.486 
504.641 
504.797 
504.952 
505.108 
505.263 
505.418 
505.574 
505.729 
505.885 
506.04 
506.196 
506.351 
506.507 
506.663 
506.818 
506.974 
507.13 
507.285 
507.441 
507.597 
507.753 
507.909 
508.064 
508.22 
508.376 
508.532 
508.688 
508.844 
509 
509.156 
509.312 
509.468 
509.624 
509.78 
509.936 
510.093 
510.249 
510.405 
510.561 
510.717 
510.874 
511.03 
511.186 
511.343 
511.499 
511.655 
511.812 
511.968 
512.125 
512.281 
512.438 
512.594 
512.751 
512.908 
513.064 
513.221 
513.377 
513.534 
513.691 
513.848 
514.004 
514.161 
514.318 
514.475 
514.632 
514.788 
514.945 
515.102 
515.259 
515.416 
515.573 
515.73 
515.887 
516.044 
516.201 
516.359 
516.516 
516.673 
516.83 
516.987 
517.144 
517.302 
517.459 
517.616 
517.774 
517.931 
518.088 
518.246 
518.403 
518.561 
518.718 
518.876 
519.033 
519.191 
519.348 
519.506 
519.663 
519.821 
519.979 
520.136 
520.294 
520.452 
520.61 
520.768 
520.925 
521.083 
521.241 
521.399 
521.557 
521.715 
521.873 
522.031 
522.189 
522.347 
522.505 
522.663 
522.821 
522.979 
523.137 
523.295 
523.454 
523.612 
523.77 
523.928 
524.087 
524.245 
524.403 
524.562 
524.72 
524.878 
525.037 
525.195 
525.354 
525.512 
525.671 
525.829 
525.988 
526.147 
526.305 
526.464 
526.623 
526.781 
526.94 
527.099 
527.257 
527.416 
527.575 
527.734 
527.893 
528.052 
528.211 
528.37 
528.529 
528.688 
528.847 
529.006 
529.165 
529.324 
529.483 
529.642 
529.801 
529.96 
530.119 
530.279 
530.438 
530.597 
530.757 
530.916 
531.075 
531.235 
531.394 
531.553 
531.713 
531.872 
532.032 
532.191 
532.351 
532.51 
532.67 
532.83 
532.989 
533.149 
533.309 
533.468 
533.628 
533.788 
533.948 
534.107 
534.267 
534.427 
534.587 
534.747 
534.907 
535.067 
535.227 
535.387 
535.547 
535.707 
535.867 
536.027 
536.187 
536.347 
536.507 
536.668 
536.828 
536.988 
537.148 
537.308 
537.469 
537.629 
537.789 
537.95 
538.11 
538.271 
538.431 
538.592 
538.752 
538.913 
539.073 
539.234 
539.394 
539.555 
539.716 
539.876 
540.037 
540.198 
540.358 
540.519 
540.68 
540.841 
541.002 
541.163 
541.323 
541.484 
541.645 
541.806 
541.967 
542.128 
542.289 
542.45 
542.611 
542.772 
542.934 
543.095 
543.256 
543.417 
543.578 
543.74 
543.901 
544.062 
544.223 
544.385 
544.546 
544.708 
544.869 
545.03 
545.192 
545.353 
545.515 
545.676 
545.838 
545.999 
546.161 
546.323 
546.484 
546.646 
546.808 
546.969 
547.131 
547.293 
547.455 
547.617 
547.778 
547.94 
548.102 
548.264 
548.426 
548.588 
548.75 
548.912 
549.074 
549.236 
549.398 
549.56 
549.722 
549.885 
550.047 
550.209 
550.371 
550.533 
550.696 
550.858 
551.02 
551.183 
551.345 
551.507 
551.67 
551.832 
551.995 
552.157 
552.32 
552.482 
552.645 
552.808 
552.97 
553.133 
553.295 
553.458 
553.621 
553.784 
553.946 
554.109 
554.272 
554.435 
554.598 
554.76 
554.923 
555.086 
555.249 
555.412 
555.575 
555.738 
555.901 
556.064 
556.227 
556.391 
556.554 
556.717 
556.88 
557.043 
557.206 
557.37 
557.533 
557.696 
557.86 
558.023 
558.186 
558.35 
558.513 
558.677 
558.84 
559.004 
559.167 
559.331 
559.494 
559.658 
559.821 
559.985 
560.149 
560.312 
560.476 
560.64 
560.804 
560.968 
561.131 
561.295 
561.459 
561.623 
561.787 
561.951 
562.115 
562.279 
562.443 
562.607 
562.771 
562.935 
563.099 
563.263 
563.427 
563.591 
563.756 
563.92 
564.084 
564.248 
564.413 
564.577 
564.741 
564.906 
565.07 
565.234 
565.399 
565.563 
565.728 
565.892 
566.057 
566.221 
566.386 
566.551 
566.715 
566.88 
567.045 
567.209 
567.374 
567.539 
567.703 
567.868 
568.033 
568.198 
568.363 
568.528 
568.693 
568.858 
569.023 
569.188 
569.353 
569.518 
569.683 
569.848 
570.013 
570.178 
570.343 
570.508 
570.673 
570.839 
571.004 
571.169 
571.335 
571.5 
571.665 
571.831 
571.996 
572.161 
572.327 
572.492 
572.658 
572.823 
572.989 
573.154 
573.32 
573.486 
573.651 
573.817 
573.983 
574.148 
574.314 
574.48 
574.646 
574.811 
574.977 
575.143 
575.309 
575.475 
575.641 
575.807 
575.973 
576.139 
576.305 
576.471 
576.637 
576.803 
576.969 
577.135 
577.301 
577.468 
577.634 
577.8 
577.966 
578.132 
578.299 
578.465 
578.631 
578.798 
578.964 
579.131 
579.297 
579.464 
579.63 
579.797 
579.963 
580.13 
580.296 
580.463 
580.63 
580.796 
580.963 
581.13 
581.296 
581.463 
581.63 
581.797 
581.964 
582.131 
582.297 
582.464 
582.631 
582.798 
582.965 
583.132 
583.299 
583.466 
583.633 
583.8 
583.968 
584.135 
584.302 
584.469 
584.636 
584.804 
584.971 
585.138 
585.305 
585.473 
585.64 
585.808 
585.975 
586.142 
586.31 
586.477 
586.645 
586.812 
586.98 
587.147 
587.315 
587.483 
587.65 
587.818 
587.986 
588.153 
588.321 
588.489 
588.657 
588.825 
588.992 
589.16 
589.328 
589.496 
589.664 
589.832 
590 
590.168 
590.336 
590.504 
590.672 
590.84 
591.008 
591.177 
591.345 
591.513 
591.681 
591.849 
592.018 
592.186 
592.354 
592.523 
592.691 
592.859 
593.028 
593.196 
593.365 
593.533 
593.702 
593.87 
594.039 
594.208 
594.376 
594.545 
594.713 
594.882 
595.051 
595.22 
595.388 
595.557 
595.726 
595.895 
596.064 
596.232 
596.401 
596.57 
596.739 
596.908 
597.077 
597.246 
597.415 
597.584 
597.753 
597.923 
598.092 
598.261 
598.43 
598.599 
598.768 
598.938 
599.107 
599.276 
599.446 
599.615 
599.784 
599.954 
600.123 
600.293 
600.462 
600.632 
600.801 
600.971 
601.14 
601.31 
601.479 
601.649 
601.819 
601.988 
602.158 
602.328 
602.498 
602.668 
602.837 
603.007 
603.177 
603.347 
603.517 
603.687 
603.857 
604.027 
604.197 
604.367 
604.537 
604.707 
604.877 
605.047 
605.217 
605.387 
605.558 
605.728 
605.898 
606.068 
606.239 
606.409 
606.579 
606.75 
606.92 
607.09 
607.261 
607.431 
607.602 
607.772 
607.943 
608.113 
608.284 
608.455 
608.625 
608.796 
608.967 
609.137 
609.308 
609.479 
609.649 
609.82 
609.991 
610.162 
610.333 
610.504 
610.675 
610.846 
611.017 
611.188 
611.359 
611.53 
611.701 
611.872 
612.043 
612.214 
612.385 
612.556 
612.727 
612.899 
613.07 
613.241 
613.413 
613.584 
613.755 
613.927 
614.098 
614.269 
614.441 
614.612 
614.784 
614.955 
615.127 
615.298 
615.47 
615.642 
615.813 
615.985 
616.157 
616.328 
616.5 
616.672 
616.844 
617.015 
617.187 
617.359 
617.531 
617.703 
617.875 
618.047 
618.219 
618.391 
618.563 
618.735 
618.907 
619.079 
619.251 
619.423 
619.595 
619.768 
619.94 
620.112 
620.284 
620.456 
620.629 
620.801 
620.973 
621.146 
621.318 
621.491 
621.663 
621.836 
622.008 
622.181 
622.353 
622.526 
622.698 
622.871 
623.044 
623.216 
623.389 
623.562 
623.734 
623.907 
624.08 
624.253 
624.426 
624.599 
624.771 
624.944 
625.117 
625.29 
625.463 
625.636 
625.809 
625.982 
626.155 
626.328 
626.502 
626.675 
626.848 
627.021 
627.194 
627.368 
627.541 
627.714 
627.887 
628.061 
628.234 
628.408 
628.581 
628.754 
628.928 
629.101 
629.275 
629.448 
629.622 
629.795 
629.969 
630.143 
630.316 
630.49 
630.664 
630.837 
631.011 
631.185 
631.359 
631.533 
631.706 
631.88 
632.054 
632.228 
632.402 
632.576 
632.75 
632.924 
633.098 
633.272 
633.446 
633.62 
633.794 
633.969 
634.143 
634.317 
634.491 
634.665 
634.84 
635.014 
635.188 
635.363 
635.537 
635.711 
635.886 
636.06 
636.235 
636.409 
636.584 
636.758 
636.933 
637.108 
637.282 
637.457 
637.631 
637.806 
637.981 
638.156 
638.33 
638.505 
638.68 
638.855 
639.03 
639.204 
639.379 
639.554 
639.729 
639.904 
640.079 
640.254 
640.429 
640.604 
640.779 
640.955 
641.13 
641.305 
641.48 
641.655 
641.83 
642.006 
642.181 
642.356 
642.532 
642.707 
642.882 
643.058 
643.233 
643.409 
643.584 
643.76 
643.935 
644.111 
644.286 
644.462 
644.637 
644.813 
644.989 
645.164 
645.34 
645.516 
645.692 
645.868 
646.043 
646.219 
646.395 
646.571 
646.747 
646.923 
647.099 
647.275 
647.451 
647.627 
647.803 
647.979 
648.155 
648.331 
648.507 
648.683 
648.86 
649.036 
649.212 
649.388 
649.565 
649.741 
649.917 
650.094 
650.27 
650.446 
650.623 
650.799 
650.976 
651.152 
651.329 
651.505 
651.682 
651.859 
652.035 
652.212 
652.389 
652.565 
652.742 
652.919 
653.095 
653.272 
653.449 
653.626 
653.803 
653.98 
654.157 
654.334 
654.511 
654.688 
654.865 
655.042 
655.219 
655.396 
655.573 
655.75 
655.927 
656.104 
656.281 
656.459 
656.636 
656.813 
656.991 
657.168 
657.345 
657.523 
657.7 
657.877 
658.055 
658.232 
658.41 
658.587 
658.765 
658.942 
659.12 
659.298 
659.475 
659.653 
659.831 
660.008 
660.186 
660.364 
660.542 
660.719 
660.897 
661.075 
661.253 
661.431 
661.609 
661.787 
661.965 
662.143 
662.321 
662.499 
662.677 
662.855 
663.033 
663.211 
663.389 
663.567 
663.746 
663.924 
664.102 
664.28 
664.459 
664.637 
664.815 
664.994 
665.172 
665.351 
665.529 
665.708 
665.886 
666.065 
666.243 
666.422 
666.6 
666.779 
666.958 
667.136 
667.315 
667.494 
667.672 
667.851 
668.03 
668.209 
668.388 
668.567 
668.745 
668.924 
669.103 
669.282 
669.461 
669.64 
669.819 
669.998 
670.177 
670.356 
670.536 
670.715 
670.894 
671.073 
671.252 
671.432 
671.611 
671.79 
671.969 
672.149 
672.328 
672.507 
672.687 
672.866 
673.046 
673.225 
673.405 
673.584 
673.764 
673.943 
674.123 
674.303 
674.482 
674.662 
674.842 
675.021 
675.201 
675.381 
675.561 
675.741 
675.92 
676.1 
676.28 
676.46 
676.64 
676.82 
677 
677.18 
677.36 
677.54 
677.72 
677.9 
678.08 
678.261 
678.441 
678.621 
678.801 
678.981 
679.162 
679.342 
679.522 
679.703 
679.883 
680.063 
680.244 
680.424 
680.605 
680.785 
680.966 
681.146 
681.327 
681.508 
681.688 
681.869 
682.049 
682.23 
682.411 
682.592 
682.772 
682.953 
683.134 
683.315 
683.496 
683.676 
683.857 
684.038 
684.219 
684.4 
684.581 
684.762 
684.943 
685.124 
685.305 
685.487 
685.668 
685.849 
686.03 
686.211 
686.392 
686.574 
686.755 
686.936 
687.118 
687.299 
687.48 
687.662 
687.843 
688.025 
688.206 
688.388 
688.569 
688.751 
688.932 
689.114 
689.295 
689.477 
689.659 
689.84 
690.022 
690.204 
690.386 
690.568 
690.749 
690.931 
691.113 
691.295 
691.477 
691.659 
691.841 
692.023 
692.205 
692.387 
692.569 
692.751 
692.933 
693.115 
693.297 
693.479 
693.662 
693.844 
694.026 
694.208 
694.391 
694.573 
694.755 
694.938 
695.12 
695.302 
695.485 
695.667 
695.85 
696.032 
696.215 
696.397 
696.58 
696.763 
696.945 
697.128 
697.311 
697.493 
697.676 
697.859 
698.041 
698.224 
698.407 
698.59 
698.773 
698.956 
699.139 
699.322 
699.505 
699.688 
699.871 
700.054 
700.237 
700.42 
700.603 
700.786 
700.969 
701.152 
701.335 
701.519 
701.702 
701.885 
702.069 
702.252 
702.435 
702.619 
702.802 
702.985 
703.169 
703.352 
703.536 
703.719 
703.903 
704.086 
704.27 
704.454 
704.637 
704.821 
705.005 
705.188 
705.372 
705.556 
705.74 
705.923 
706.107 
706.291 
706.475 
706.659 
706.843 
707.027 
707.211 
707.395 
707.579 
707.763 
707.947 
708.131 
708.315 
708.499 
708.683 
708.868 
709.052 
709.236 
709.42 
709.604 
709.789 
709.973 
710.157 
710.342 
710.526 
710.711 
710.895 
711.08 
711.264 
711.449 
711.633 
711.818 
712.002 
712.187 
712.372 
712.556 
712.741 
712.926 
713.11 
713.295 
713.48 
713.665 
713.85 
714.035 
714.219 
714.404 
714.589 
714.774 
714.959 
715.144 
715.329 
715.514 
715.699 
715.884 
716.07 
716.255 
716.44 
716.625 
716.81 
716.996 
717.181 
717.366 
717.551 
717.737 
717.922 
718.108 
718.293 
718.478 
718.664 
718.849 
719.035 
719.22 
719.406 
719.591 
719.777 
719.963 
720.148 
720.334 
720.52 
720.705 
720.891 
721.077 
721.263 
721.449 
721.634 
721.82 
722.006 
722.192 
722.378 
722.564 
722.75 
722.936 
723.122 
723.308 
723.494 
723.68 
723.866 
724.053 
724.239 
724.425 
724.611 
724.797 
724.984 
725.17 
725.356 
725.543 
725.729 
725.915 
726.102 
726.288 
726.475 
726.661 
726.848 
727.034 
727.221 
727.408 
727.594 
727.781 
727.967 
728.154 
728.341 
728.528 
728.714 
728.901 
729.088 
729.275 
729.462 
729.648 
729.835 
730.022 
730.209 
730.396 
730.583 
730.77 
730.957 
731.144 
731.331 
731.519 
731.706 
731.893 
732.08 
732.267 
732.454 
732.642 
732.829 
733.016 
733.204 
733.391 
733.578 
733.766 
733.953 
734.141 
734.328 
734.516 
734.703 
734.891 
735.078 
735.266 
735.453 
735.641 
735.829 
736.016 
736.204 
736.392 
736.58 
736.768 
736.955 
737.143 
737.331 
737.519 
737.707 
737.895 
738.083 
738.271 
738.459 
738.647 
738.835 
739.023 
739.211 
739.399 
739.587 
739.775 
739.964 
740.152 
740.34 
740.528 
740.717 
740.905 
741.093 
741.282 
741.47 
741.658 
741.847 
742.035 
742.224 
742.412 
742.601 
742.789 
742.978 
743.167 
743.355 
743.544 
743.733 
743.921 
744.11 
744.299 
744.487 
744.676 
744.865 
745.054 
745.243 
745.432 
745.621 
745.81 
745.999 
746.188 
746.377 
746.566 
746.755 
746.944 
747.133 
747.322 
747.511 
747.7 
747.889 
748.079 
748.268 
748.457 
748.647 
748.836 
749.025 
749.215 
749.404 
749.593 
749.783 
749.972 
750.162 
750.351 
750.541 
750.73 
750.92 
751.11 
751.299 
751.489 
751.679 
751.868 
752.058 
752.248 
752.438 
752.627 
752.817 
753.007 
753.197 
753.387 
753.577 
753.767 
753.957 
754.147 
754.337 
754.527 
754.717 
754.907 
755.097 
755.287 
755.477 
755.668 
755.858 
756.048 
756.238 
756.428 
756.619 
756.809 
756.999 
757.19 
757.38 
757.571 
757.761 
757.952 
758.142 
758.333 
758.523 
758.714 
758.904 
759.095 
759.286 
759.476 
759.667 
759.858 
760.048 
760.239 
760.43 
760.621 
760.812 
761.003 
761.193 
761.384 
761.575 
761.766 
761.957 
762.148 
762.339 
762.53 
762.721 
762.912 
763.104 
763.295 
763.486 
763.677 
763.868 
764.06 
764.251 
764.442 
764.633 
764.825 
765.016 
765.208 
765.399 
765.59 
765.782 
765.973 
766.165 
766.356 
766.548 
766.739 
766.931 
767.123 
767.314 
767.506 
767.698 
767.889 
768.081 
768.273 
768.465 
768.657 
768.848 
769.04 
769.232 
769.424 
769.616 
769.808 
770 
770.192 
770.384 
770.576 
770.768 
770.96 
771.152 
771.345 
771.537 
771.729 
771.921 
772.113 
772.306 
772.498 
772.69 
772.883 
773.075 
773.267 
773.46 
773.652 
773.845 
774.037 
774.23 
774.422 
774.615 
774.808 
775 
775.193 
775.385 
775.578 
775.771 
775.964 
776.156 
776.349 
776.542 
776.735 
776.928 
777.12 
777.313 
777.506 
777.699 
777.892 
778.085 
778.278 
778.471 
778.664 
778.857 
779.051 
779.244 
779.437 
779.63 
779.823 
780.016 
780.21 
780.403 
780.596 
780.79 
780.983 
781.176 
781.37 
781.563 
781.757 
781.95 
782.144 
782.337 
782.531 
782.724 
782.918 
783.111 
783.305 
783.499 
783.692 
783.886 
784.08 
784.274 
784.468 
784.661 
784.855 
785.049 
785.243 
785.437 
785.631 
785.825 
786.019 
786.213 
786.407 
786.601 
786.795 
786.989 
787.183 
787.377 
787.571 
787.766 
787.96 
788.154 
788.348 
788.543 
788.737 
788.931 
789.126 
789.32 
789.514 
789.709 
789.903 
790.098 
790.292 
790.487 
790.681 
790.876 
791.071 
791.265 
791.46 
791.655 
791.849 
792.044 
792.239 
792.433 
792.628 
792.823 
793.018 
793.213 
793.408 
793.603 
793.798 
793.993 
794.188 
794.383 
794.578 
794.773 
794.968 
795.163 
795.358 
795.553 
795.748 
795.943 
796.139 
796.334 
796.529 
796.725 
796.92 
797.115 
797.311 
797.506 
797.701 
797.897 
798.092 
798.288 
798.483 
798.679 
798.874 
799.07 
799.266 
799.461 
799.657 
799.853 
800.048 
800.244 
800.44 
800.636 
800.831 
801.027 
801.223 
801.419 
801.615 
801.811 
802.007 
802.203 
802.399 
802.595 
802.791 
802.987 
803.183 
803.379 
803.575 
803.771 
803.968 
804.164 
804.36 
804.556 
804.752 
804.949 
805.145 
805.341 
805.538 
805.734 
805.931 
806.127 
806.324 
806.52 
806.717 
806.913 
807.11 
807.306 
807.503 
807.7 
807.896 
808.093 
808.29 
808.486 
808.683 
808.88 
809.077 
809.274 
809.471 
809.667 
809.864 
810.061 
810.258 
810.455 
810.652 
810.849 
811.046 
811.243 
811.44 
811.638 
811.835 
812.032 
812.229 
812.426 
812.624 
812.821 
813.018 
813.215 
813.413 
813.61 
813.808 
814.005 
814.202 
814.4 
814.597 
814.795 
814.992 
815.19 
815.387 
815.585 
815.783 
815.98 
816.178 
816.376 
816.573 
816.771 
816.969 
817.167 
817.365 
817.562 
817.76 
817.958 
818.156 
818.354 
818.552 
818.75 
818.948 
819.146 
819.344 
819.542 
819.74 
819.938 
820.137 
820.335 
820.533 
820.731 
820.929 
821.128 
821.326 
821.524 
821.723 
821.921 
822.119 
822.318 
822.516 
822.715 
822.913 
823.112 
823.31 
823.509 
823.708 
823.906 
824.105 
824.303 
824.502 
824.701 
824.9 
825.098 
825.297 
825.496 
825.695 
825.894 
826.092 
826.291 
826.49 
826.689 
826.888 
827.087 
827.286 
827.485 
827.684 
827.883 
828.083 
828.282 
828.481 
828.68 
828.879 
829.078 
829.278 
829.477 
829.676 
829.876 
830.075 
830.274 
830.474 
830.673 
830.873 
831.072 
831.272 
831.471 
831.671 
831.87 
832.07 
832.269 
832.469 
832.669 
832.868 
833.068 
833.268 
833.468 
833.668 
833.867 
834.067 
834.267 
834.467 
834.667 
834.867 
835.067 
835.267 
835.467 
835.667 
835.867 
836.067 
836.267 
836.467 
836.667 
836.867 
837.068 
837.268 
837.468 
837.668 
837.869 
838.069 
838.269 
838.47 
838.67 
838.87 
839.071 
839.271 
839.472 
839.672 
839.873 
840.073 
840.274 
840.475 
840.675 
840.876 
841.077 
841.277 
841.478 
841.679 
841.879 
842.08 
842.281 
842.482 
842.683 
842.884 
843.085 
843.286 
843.487 
843.688 
843.889 
844.09 
844.291 
844.492 
844.693 
844.894 
845.095 
845.296 
845.497 
845.699 
845.9 
846.101 
846.303 
846.504 
846.705 
846.907 
847.108 
847.309 
847.511 
847.712 
847.914 
848.115 
848.317 
848.518 
848.72 
848.922 
849.123 
849.325 
849.527 
849.728 
849.93 
850.132 
850.334 
850.535 
850.737 
850.939 
851.141 
851.343 
851.545 
851.747 
851.949 
852.151 
852.353 
852.555 
852.757 
852.959 
853.161 
853.363 
853.565 
853.768 
853.97 
854.172 
854.374 
854.576 
854.779 
854.981 
855.183 
855.386 
855.588 
855.791 
855.993 
856.196 
856.398 
856.601 
856.803 
857.006 
857.208 
857.411 
857.614 
857.816 
858.019 
858.222 
858.424 
858.627 
858.83 
859.033 
859.236 
859.439 
859.641 
859.844 
860.047 
860.25 
860.453 
860.656 
860.859 
861.062 
861.265 
861.468 
861.672 
861.875 
862.078 
862.281 
862.484 
862.688 
862.891 
863.094 
863.297 
863.501 
863.704 
863.907 
864.111 
864.314 
864.518 
864.721 
864.925 
865.128 
865.332 
865.535 
865.739 
865.943 
866.146 
866.35 
866.554 
866.757 
866.961 
867.165 
867.369 
867.573 
867.776 
867.98 
868.184 
868.388 
868.592 
868.796 
869 
869.204 
869.408 
869.612 
869.816 
870.02 
870.224 
870.429 
870.633 
870.837 
871.041 
871.245 
871.45 
871.654 
871.858 
872.063 
872.267 
872.471 
872.676 
872.88 
873.085 
873.289 
873.494 
873.698 
873.903 
874.107 
874.312 
874.517 
874.721 
874.926 
875.131 
875.336 
875.54 
875.745 
875.95 
876.155 
876.36 
876.564 
876.769 
876.974 
877.179 
877.384 
877.589 
877.794 
877.999 
878.204 
878.409 
878.615 
878.82 
879.025 
879.23 
879.435 
879.64 
879.846 
880.051 
880.256 
880.462 
880.667 
880.872 
881.078 
881.283 
881.489 
881.694 
881.9 
882.105 
882.311 
882.516 
882.722 
882.927 
883.133 
883.339 
883.544 
883.75 
883.956 
884.162 
884.368 
884.573 
884.779 
884.985 
885.191 
885.397 
885.603 
885.809 
886.015 
886.221 
886.427 
886.633 
886.839 
887.045 
887.251 
887.457 
887.663 
887.87 
888.076 
888.282 
888.488 
888.695 
888.901 
889.107 
889.314 
889.52 
889.726 
889.933 
890.139 
890.346 
890.552 
890.759 
890.965 
891.172 
891.379 
891.585 
891.792 
891.999 
892.205 
892.412 
892.619 
892.825 
893.032 
893.239 
893.446 
893.653 
893.86 
894.067 
894.274 
894.481 
894.688 
894.895 
895.102 
895.309 
895.516 
895.723 
895.93 
896.137 
896.344 
896.551 
896.759 
896.966 
897.173 
897.381 
897.588 
897.795 
898.003 
898.21 
898.417 
898.625 
898.832 
899.04 
899.247 
899.455 
899.662 
899.87 
900.078 
900.285 
900.493 
900.701 
900.908 
901.116 
901.324 
901.532 
901.739 
901.947 
902.155 
902.363 
902.571 
902.779 
902.987 
903.195 
903.403 
903.611 
903.819 
904.027 
904.235 
904.443 
904.651 
904.859 
905.068 
905.276 
905.484 
905.692 
905.9 
906.109 
906.317 
906.525 
906.734 
906.942 
907.151 
907.359 
907.568 
907.776 
907.985 
908.193 
908.402 
908.61 
908.819 
909.028 
909.236 
909.445 
909.654 
909.862 
910.071 
910.28 
910.489 
910.698 
910.907 
911.115 
911.324 
911.533 
911.742 
911.951 
912.16 
912.369 
912.578 
912.787 
912.996 
913.206 
913.415 
913.624 
913.833 
914.042 
914.252 
914.461 
914.67 
914.879 
915.089 
915.298 
915.507 
915.717 
915.926 
916.136 
916.345 
916.555 
916.764 
916.974 
917.183 
917.393 
917.603 
917.812 
918.022 
918.232 
918.441 
918.651 
918.861 
919.071 
919.281 
919.49 
919.7 
919.91 
920.12 
920.33 
920.54 
920.75 
920.96 
921.17 
921.38 
921.59 
921.8 
922.01 
922.221 
922.431 
922.641 
922.851 
923.061 
923.272 
923.482 
923.692 
923.903 
924.113 
924.323 
924.534 
924.744 
924.955 
925.165 
925.376 
925.586 
925.797 
926.008 
926.218 
926.429 
926.639 
926.85 
927.061 
927.272 
927.482 
927.693 
927.904 
928.115 
928.326 
928.536 
928.747 
928.958 
929.169 
929.38 
929.591 
929.802 
930.013 
930.224 
930.435 
930.647 
930.858 
931.069 
931.28 
931.491 
931.702 
931.914 
932.125 
932.336 
932.548 
932.759 
932.97 
933.182 
933.393 
933.605 
933.816 
934.028 
934.239 
934.451 
934.662 
934.874 
935.085 
935.297 
935.509 
935.72 
935.932 
936.144 
936.356 
936.568 
936.779 
936.991 
937.203 
937.415 
937.627 
937.839 
938.051 
938.263 
938.475 
938.687 
938.899 
939.111 
939.323 
939.535 
939.747 
939.959 
940.172 
940.384 
940.596 
940.808 
941.021 
941.233 
941.445 
941.658 
941.87 
942.082 
942.295 
942.507 
942.72 
942.932 
943.145 
943.357 
943.57 
943.783 
943.995 
944.208 
944.421 
944.633 
944.846 
945.059 
945.271 
945.484 
945.697 
945.91 
946.123 
946.336 
946.549 
946.762 
946.975 
947.188 
947.401 
947.614 
947.827 
948.04 
948.253 
948.466 
948.679 
948.892 
949.105 
949.319 
949.532 
949.745 
949.959 
950.172 
950.385 
950.599 
950.812 
951.025 
951.239 
951.452 
951.666 
951.879 
952.093 
952.306 
952.52 
952.734 
952.947 
953.161 
953.375 
953.588 
953.802 
954.016 
954.23 
954.443 
954.657 
954.871 
955.085 
955.299 
955.513 
955.727 
955.941 
956.155 
956.369 
956.583 
956.797 
957.011 
957.225 
957.439 
957.653 
957.868 
958.082 
958.296 
958.51 
958.724 
958.939 
959.153 
959.367 
959.582 
959.796 
960.011 
960.225 
960.44 
960.654 
960.869 
961.083 
961.298 
961.512 
961.727 
961.942 
962.156 
962.371 
962.586 
962.8 
963.015 
963.23 
963.445 
963.66 
963.875 
964.089 
964.304 
964.519 
964.734 
964.949 
965.164 
965.379 
965.594 
965.809 
966.024 
966.24 
966.455 
966.67 
966.885 
967.1 
967.316 
967.531 
967.746 
967.961 
968.177 
968.392 
968.607 
968.823 
969.038 
969.254 
969.469 
969.685 
969.9 
970.116 
970.331 
970.547 
970.763 
970.978 
971.194 
971.41 
971.625 
971.841 
972.057 
972.273 
972.489 
972.704 
972.92 
973.136 
973.352 
973.568 
973.784 
974 
974.216 
974.432 
974.648 
974.864 
975.08 
975.296 
975.513 
975.729 
975.945 
976.161 
976.377 
976.594 
976.81 
977.026 
977.243 
977.459 
977.675 
977.892 
978.108 
978.325 
978.541 
978.758 
978.974 
979.191 
979.408 
979.624 
979.841 
980.057 
980.274 
980.491 
980.708 
980.924 
981.141 
981.358 
981.575 
981.792 
982.008 
982.225 
982.442 
982.659 
982.876 
983.093 
983.31 
983.527 
983.744 
983.961 
984.179 
984.396 
984.613 
984.83 
985.047 
985.264 
985.482 
985.699 
985.916 
986.134 
986.351 
986.568 
986.786 
987.003 
987.221 
987.438 
987.656 
987.873 
988.091 
988.308 
988.526 
988.743 
988.961 
989.179 
989.396 
989.614 
989.832 
990.05 
990.268 
990.485 
990.703 
990.921 
991.139 
991.357 
991.575 
991.793 
992.011 
992.229 
992.447 
992.665 
992.883 
993.101 
993.319 
993.537 
993.755 
993.974 
994.192 
994.41 
994.628 
994.847 
995.065 
995.283 
995.502 
995.72 
995.938 
996.157 
996.375 
996.594 
996.812 
997.031 
997.249 
997.468 
997.687 
997.905 
998.124 
998.343 
998.561 
998.78 
998.999 
999.217 
999.436 
999.655 
999.874 
1000.09 
1000.31 
1000.53 
1000.75 
1000.97 
1001.19 
1001.41 
1001.63 
1001.84 
1002.06 
1002.28 
1002.5 
1002.72 
1002.94 
1003.16 
1003.38 
1003.6 
1003.82 
1004.04 
1004.26 
1004.48 
1004.69 
1004.91 
1005.13 
1005.35 
1005.57 
1005.79 
1006.01 
1006.23 
1006.45 
1006.67 
1006.89 
1007.11 
1007.33 
1007.55 
1007.77 
1007.99 
1008.21 
1008.43 
1008.65 
1008.87 
1009.09 
1009.31 
1009.53 
1009.75 
1009.97 
1010.19 
1010.41 
1010.63 
1010.85 
1011.07 
1011.29 
1011.51 
1011.73 
1011.95 
1012.17 
1012.39 
1012.61 
1012.83 
1013.05 
1013.27 
1013.49 
1013.71 
1013.93 
1014.15 
1014.37 
1014.59 
1014.81 
1015.03 
1015.25 
1015.47 
1015.69 
1015.91 
1016.13 
1016.36 
1016.58 
1016.8 
1017.02 
1017.24 
1017.46 
1017.68 
1017.9 
1018.12 
1018.34 
1018.56 
1018.78 
1019.01 
1019.23 
1019.45 
1019.67 
1019.89 
1020.11 
1020.33 
1020.55 
1020.77 
1020.99 
1021.22 
1021.44 
1021.66 
1021.88 
1022.1 
1022.32 
1022.54 
1022.76 
1022.99 
1023.21 
1023.43 
1023.65 
1023.87 
1024.09 
1024.31 
1024.54 
1024.76 
1024.98 
1025.2 
1025.42 
1025.64 
1025.87 
1026.09 
1026.31 
1026.53 
1026.75 
1026.97 
1027.2 
1027.42 
1027.64 
1027.86 
1028.08 
1028.31 
1028.53 
1028.75 
1028.97 
1029.19 
1029.42 
1029.64 
1029.86 
1030.08 
1030.3 
1030.53 
1030.75 
1030.97 
1031.19 
1031.42 
1031.64 
1031.86 
1032.08 
1032.31 
1032.53 
1032.75 
1032.97 
1033.19 
1033.42 
1033.64 
1033.86 
1034.08 
1034.31 
1034.53 
1034.75 
1034.98 
1035.2 
1035.42 
1035.64 
1035.87 
1036.09 
1036.31 
1036.53 
1036.76 
1036.98 
1037.2 
1037.43 
1037.65 
1037.87 
1038.1 
1038.32 
1038.54 
1038.76 
1038.99 
1039.21 
1039.43 
1039.66 
1039.88 
1040.1 
1040.33 
1040.55 
1040.77 
1041 
1041.22 
1041.44 
1041.67 
1041.89 
1042.11 
1042.34 
1042.56 
1042.78 
1043.01 
1043.23 
1043.45 
1043.68 
1043.9 
1044.13 
1044.35 
1044.57 
1044.8 
1045.02 
1045.24 
1045.47 
1045.69 
1045.92 
1046.14 
1046.36 
1046.59 
1046.81 
1047.03 
1047.26 
1047.48 
1047.71 
1047.93 
1048.15 
1048.38 
1048.6 
1048.83 
1049.05 
1049.28 
1049.5 
1049.72 
1049.95 
1050.17 
1050.4 
1050.62 
1050.85 
1051.07 
1051.29 
1051.52 
1051.74 
1051.97 
1052.19 
1052.42 
1052.64 
1052.87 
1053.09 
1053.32 
1053.54 
1053.76 
1053.99 
1054.21 
1054.44 
1054.66 
1054.89 
1055.11 
1055.34 
1055.56 
1055.79 
1056.01 
1056.24 
1056.46 
1056.69 
1056.91 
1057.14 
1057.36 
1057.59 
1057.81 
1058.04 
1058.26 
1058.49 
1058.71 
1058.94 
1059.16 
1059.39 
1059.61 
1059.84 
1060.07 
1060.29 
1060.52 
1060.74 
1060.97 
1061.19 
1061.42 
1061.64 
1061.87 
1062.09 
1062.32 
1062.55 
1062.77 
1063 
1063.22 
1063.45 
1063.67 
1063.9 
1064.13 
1064.35 
1064.58 
1064.8 
1065.03 
1065.25 
1065.48 
1065.71 
1065.93 
1066.16 
1066.38 
1066.61 
1066.84 
1067.06 
1067.29 
1067.52 
1067.74 
1067.97 
1068.19 
1068.42 
1068.65 
1068.87 
1069.1 
1069.33 
1069.55 
1069.78 
1070 
1070.23 
1070.46 
1070.68 
1070.91 
1071.14 
1071.36 
1071.59 
1071.82 
1072.04 
1072.27 
1072.5 
1072.72 
1072.95 
1073.18 
1073.4 
1073.63 
1073.86 
1074.08 
1074.31 
1074.54 
1074.76 
1074.99 
1075.22 
1075.45 
1075.67 
1075.9 
1076.13 
1076.35 
1076.58 
1076.81 
1077.03 
1077.26 
1077.49 
1077.72 
1077.94 
1078.17 
1078.4 
1078.63 
1078.85 
1079.08 
1079.31 
1079.53 
1079.76 
1079.99 
1080.22 
1080.44 
1080.67 
1080.9 
1081.13 
1081.36 
1081.58 
1081.81 
1082.04 
1082.27 
1082.49 
1082.72 
1082.95 
1083.18 
1083.4 
1083.63 
1083.86 
1084.09 
1084.32 
1084.54 
1084.77 
1085 
1085.23 
1085.46 
1085.68 
1085.91 
1086.14 
1086.37 
1086.6 
1086.82 
1087.05 
1087.28 
1087.51 
1087.74 
1087.97 
1088.19 
1088.42 
1088.65 
1088.88 
1089.11 
1089.34 
1089.56 
1089.79 
1090.02 
1090.25 
1090.48 
1090.71 
1090.94 
1091.16 
1091.39 
1091.62 
1091.85 
1092.08 
1092.31 
1092.54 
1092.77 
1092.99 
1093.22 
1093.45 
1093.68 
1093.91 
1094.14 
1094.37 
1094.6 
1094.83 
1095.06 
1095.28 
1095.51 
1095.74 
1095.97 
1096.2 
1096.43 
1096.66 
1096.89 
1097.12 
1097.35 
1097.58 
1097.81 
1098.03 
1098.26 
1098.49 
1098.72 
1098.95 
1099.18 
1099.41 
1099.64 
1099.87 
1100.1 
1100.33 
1100.56 
1100.79 
1101.02 
1101.25 
1101.48 
1101.71 
1101.94 
1102.17 
1102.4 
1102.63 
1102.86 
1103.09 
1103.32 
1103.55 
1103.78 
1104.01 
1104.24 
1104.47 
1104.7 
1104.93 
1105.16 
1105.39 
1105.62 
1105.85 
1106.08 
1106.31 
1106.54 
1106.77 
1107 
1107.23 
1107.46 
1107.69 
1107.92 
1108.15 
1108.38 
1108.61 
1108.84 
1109.07 
1109.3 
1109.53 
1109.76 
1109.99 
1110.23 
1110.46 
1110.69 
1110.92 
1111.15 
1111.38 
1111.61 
1111.84 
1112.07 
1112.3 
1112.53 
1112.76 
1112.99 
1113.23 
1113.46 
1113.69 
1113.92 
1114.15 
1114.38 
1114.61 
1114.84 
1115.07 
1115.31 
1115.54 
1115.77 
1116 
1116.23 
1116.46 
1116.69 
1116.92 
1117.16 
1117.39 
1117.62 
1117.85 
1118.08 
1118.31 
1118.54 
1118.78 
1119.01 
1119.24 
1119.47 
1119.7 
1119.93 
1120.16 
1120.4 
1120.63 
1120.86 
1121.09 
1121.32 
1121.56 
1121.79 
1122.02 
1122.25 
1122.48 
1122.71 
1122.95 
1123.18 
1123.41 
1123.64 
1123.87 
1124.11 
1124.34 
1124.57 
1124.8 
1125.04 
1125.27 
1125.5 
1125.73 
1125.96 
1126.2 
1126.43 
1126.66 
1126.89 
1127.13 
1127.36 
1127.59 
1127.82 
1128.06 
1128.29 
1128.52 
1128.75 
1128.99 
1129.22 
1129.45 
1129.68 
1129.92 
1130.15 
1130.38 
1130.61 
1130.85 
1131.08 
1131.31 
1131.55 
1131.78 
1132.01 
1132.24 
1132.48 
1132.71 
1132.94 
1133.18 
1133.41 
1133.64 
1133.88 
1134.11 
1134.34 
1134.57 
1134.81 
1135.04 
1135.27 
1135.51 
1135.74 
1135.97 
1136.21 
1136.44 
1136.67 
1136.91 
1137.14 
1137.37 
1137.61 
1137.84 
1138.07 
1138.31 
1138.54 
1138.78 
1139.01 
1139.24 
1139.48 
1139.71 
1139.94 
1140.18 
1140.41 
1140.64 
1140.88 
1141.11 
1141.35 
1141.58 
1141.81 
1142.05 
1142.28 
1142.52 
1142.75 
1142.98 
1143.22 
1143.45 
1143.69 
1143.92 
1144.15 
1144.39 
1144.62 
1144.86 
1145.09 
1145.33 
1145.56 
1145.79 
1146.03 
1146.26 
1146.5 
1146.73 
1146.97 
1147.2 
1147.43 
1147.67 
1147.9 
1148.14 
1148.37 
1148.61 
1148.84 
1149.08 
1149.31 
1149.55 
1149.78 
1150.02 
1150.25 
1150.49 
1150.72 
1150.95 
1151.19 
1151.42 
1151.66 
1151.89 
1152.13 
1152.36 
1152.6 
1152.83 
1153.07 
1153.3 
1153.54 
1153.77 
1154.01 
1154.24 
1154.48 
1154.72 
1154.95 
1155.19 
1155.42 
1155.66 
1155.89 
1156.13 
1156.36 
1156.6 
1156.83 
1157.07 
1157.3 
1157.54 
1157.78 
1158.01 
1158.25 
1158.48 
1158.72 
1158.95 
1159.19 
1159.42 
1159.66 
1159.9 
1160.13 
1160.37 
1160.6 
1160.84 
1161.08 
1161.31 
1161.55 
1161.78 
1162.02 
1162.25 
1162.49 
1162.73 
1162.96 
1163.2 
1163.43 
1163.67 
1163.91 
1164.14 
1164.38 
1164.62 
1164.85 
1165.09 
1165.32 
1165.56 
1165.8 
1166.03 
1166.27 
1166.51 
1166.74 
1166.98 
1167.22 
1167.45 
1167.69 
1167.93 
1168.16 
1168.4 
1168.64 
1168.87 
1169.11 
1169.35 
1169.58 
1169.82 
1170.06 
1170.29 
1170.53 
1170.77 
1171 
1171.24 
1171.48 
1171.71 
1171.95 
1172.19 
1172.42 
1172.66 
1172.9 
1173.14 
1173.37 
1173.61 
1173.85 
1174.08 
1174.32 
1174.56 
1174.8 
1175.03 
1175.27 
1175.51 
1175.75 
1175.98 
1176.22 
1176.46 
1176.69 
1176.93 
1177.17 
1177.41 
1177.64 
1177.88 
1178.12 
1178.36 
1178.6 
1178.83 
1179.07 
1179.31 
1179.55 
1179.78 
1180.02 
1180.26 
1180.5 
1180.74 
1180.97 
1181.21 
1181.45 
1181.69 
1181.92 
1182.16 
1182.4 
1182.64 
1182.88 
1183.11 
1183.35 
1183.59 
1183.83 
1184.07 
1184.31 
1184.54 
1184.78 
1185.02 
1185.26 
1185.5 
1185.74 
1185.97 
1186.21 
1186.45 
1186.69 
1186.93 
1187.17 
1187.4 
1187.64 
1187.88 
1188.12 
1188.36 
1188.6 
1188.84 
1189.07 
1189.31 
1189.55 
1189.79 
1190.03 
1190.27 
1190.51 
1190.75 
1190.99 
1191.22 
1191.46 
1191.7 
1191.94 
1192.18 
1192.42 
1192.66 
1192.9 
1193.14 
1193.38 
1193.61 
1193.85 
1194.09 
1194.33 
1194.57 
1194.81 
1195.05 
1195.29 
1195.53 
1195.77 
1196.01 
1196.25 
1196.49 
1196.73 
1196.97 
1197.2 
1197.44 
1197.68 
1197.92 
1198.16 
1198.4 
1198.64 
1198.88 
1199.12 
1199.36 
1199.6 
1199.84 
1200.08 
1200.32 
1200.56 
1200.8 
1201.04 
1201.28 
1201.52 
0 
0 
