1 
0.9998 
0.9996 
0.9994 
0.9992 
0.999 
0.9988 
0.9986 
0.998401 
0.998201 
0.998001 
0.997801 
0.997601 
0.997402 
0.997202 
0.997002 
0.996803 
0.996603 
0.996403 
0.996204 
0.996004 
0.995804 
0.995605 
0.995405 
0.995206 
0.995006 
0.994807 
0.994607 
0.994408 
0.994208 
0.994009 
0.99381 
0.99361 
0.993411 
0.993212 
0.993012 
0.992813 
0.992614 
0.992414 
0.992215 
0.992016 
0.991817 
0.991618 
0.991419 
0.991219 
0.99102 
0.990821 
0.990622 
0.990423 
0.990224 
0.990025 
0.989826 
0.989627 
0.989428 
0.989229 
0.98903 
0.988831 
0.988633 
0.988434 
0.988235 
0.988036 
0.987837 
0.987639 
0.98744 
0.987241 
0.987042 
0.986844 
0.986645 
0.986446 
0.986248 
0.986049 
0.985851 
0.985652 
0.985454 
0.985255 
0.985057 
0.984858 
0.98466 
0.984461 
0.984263 
0.984064 
0.983866 
0.983668 
0.983469 
0.983271 
0.983073 
0.982875 
0.982676 
0.982478 
0.98228 
0.982082 
0.981883 
0.981685 
0.981487 
0.981289 
0.981091 
0.980893 
0.980695 
0.980497 
0.980299 
0.980101 
0.979903 
0.979705 
0.979507 
0.979309 
0.979111 
0.978914 
0.978716 
0.978518 
0.97832 
0.978122 
0.977925 
0.977727 
0.977529 
0.977332 
0.977134 
0.976936 
0.976739 
0.976541 
0.976344 
0.976146 
0.975949 
0.975751 
0.975554 
0.975356 
0.975159 
0.974961 
0.974764 
0.974567 
0.974369 
0.974172 
0.973975 
0.973777 
0.97358 
0.973383 
0.973186 
0.972988 
0.972791 
0.972594 
0.972397 
0.9722 
0.972003 
0.971806 
0.971609 
0.971412 
0.971215 
0.971018 
0.970821 
0.970624 
0.970427 
0.97023 
0.970033 
0.969836 
0.96964 
0.969443 
0.969246 
0.969049 
0.968853 
0.968656 
0.968459 
0.968263 
0.968066 
0.967869 
0.967673 
0.967476 
0.96728 
0.967083 
0.966887 
0.96669 
0.966494 
0.966297 
0.966101 
0.965905 
0.965708 
0.965512 
0.965316 
0.965119 
0.964923 
0.964727 
0.964531 
0.964334 
0.964138 
0.963942 
0.963746 
0.96355 
0.963354 
0.963158 
0.962962 
0.962766 
0.96257 
0.962374 
0.962178 
0.961982 
0.961786 
0.961591 
0.961395 
0.961199 
0.961003 
0.960807 
0.960612 
0.960416 
0.96022 
0.960025 
0.959829 
0.959633 
0.959438 
0.959242 
0.959047 
0.958851 
0.958656 
0.95846 
0.958265 
0.95807 
0.957874 
0.957679 
0.957484 
0.957288 
0.957093 
0.956898 
0.956703 
0.956507 
0.956312 
0.956117 
0.955922 
0.955727 
0.955532 
0.955337 
0.955142 
0.954947 
0.954752 
0.954557 
0.954362 
0.954167 
0.953972 
0.953778 
0.953583 
0.953388 
0.953193 
0.952999 
0.952804 
0.952609 
0.952415 
0.95222 
0.952025 
0.951831 
0.951636 
0.951442 
0.951247 
0.951053 
0.950858 
0.950664 
0.95047 
0.950275 
0.950081 
0.949887 
0.949693 
0.949498 
0.949304 
0.94911 
0.948916 
0.948722 
0.948528 
0.948334 
0.94814 
0.947946 
0.947752 
0.947558 
0.947364 
0.94717 
0.946976 
0.946782 
0.946588 
0.946395 
0.946201 
0.946007 
0.945813 
0.94562 
0.945426 
0.945233 
0.945039 
0.944845 
0.944652 
0.944458 
0.944265 
0.944072 
0.943878 
0.943685 
0.943492 
0.943298 
0.943105 
0.942912 
0.942719 
0.942525 
0.942332 
0.942139 
0.941946 
0.941753 
0.94156 
0.941367 
0.941174 
0.940981 
0.940788 
0.940595 
0.940402 
0.94021 
0.940017 
0.939824 
0.939631 
0.939439 
0.939246 
0.939053 
0.938861 
0.938668 
0.938476 
0.938283 
0.938091 
0.937898 
0.937706 
0.937514 
0.937321 
0.937129 
0.936937 
0.936744 
0.936552 
0.93636 
0.936168 
0.935976 
0.935784 
0.935592 
0.9354 
0.935208 
0.935016 
0.934824 
0.934632 
0.93444 
0.934248 
0.934056 
0.933865 
0.933673 
0.933481 
0.93329 
0.933098 
0.932906 
0.932715 
0.932523 
0.932332 
0.93214 
0.931949 
0.931758 
0.931566 
0.931375 
0.931184 
0.930993 
0.930801 
0.93061 
0.930419 
0.930228 
0.930037 
0.929846 
0.929655 
0.929464 
0.929273 
0.929082 
0.928891 
0.928701 
0.92851 
0.928319 
0.928128 
0.927938 
0.927747 
0.927556 
0.927366 
0.927175 
0.926985 
0.926794 
0.926604 
0.926414 
0.926223 
0.926033 
0.925843 
0.925653 
0.925462 
0.925272 
0.925082 
0.924892 
0.924702 
0.924512 
0.924322 
0.924132 
0.923942 
0.923752 
0.923563 
0.923373 
0.923183 
0.922993 
0.922804 
0.922614 
0.922424 
0.922235 
0.922045 
0.921856 
0.921667 
0.921477 
0.921288 
0.921099 
0.920909 
0.92072 
0.920531 
0.920342 
0.920153 
0.919964 
0.919775 
0.919586 
0.919397 
0.919208 
0.919019 
0.91883 
0.918641 
0.918453 
0.918264 
0.918075 
0.917887 
0.917698 
0.917509 
0.917321 
0.917133 
0.916944 
0.916756 
0.916567 
0.916379 
0.916191 
0.916003 
0.915815 
0.915626 
0.915438 
0.91525 
0.915062 
0.914874 
0.914686 
0.914499 
0.914311 
0.914123 
0.913935 
0.913748 
0.91356 
0.913372 
0.913185 
0.912997 
0.91281 
0.912622 
0.912435 
0.912248 
0.91206 
0.911873 
0.911686 
0.911499 
0.911312 
0.911125 
0.910938 
0.910751 
0.910564 
0.910377 
0.91019 
0.910003 
0.909816 
0.90963 
0.909443 
0.909257 
0.90907 
0.908883 
0.908697 
0.908511 
0.908324 
0.908138 
0.907952 
0.907765 
0.907579 
0.907393 
0.907207 
0.907021 
0.906835 
0.906649 
0.906463 
0.906277 
0.906091 
0.905906 
0.90572 
0.905534 
0.905349 
0.905163 
0.904977 
0.904792 
0.904607 
0.904421 
0.904236 
0.904051 
0.903865 
0.90368 
0.903495 
0.90331 
0.903125 
0.90294 
0.902755 
0.90257 
0.902385 
0.902201 
0.902016 
0.901831 
0.901647 
0.901462 
0.901278 
0.901093 
0.900909 
0.900724 
0.90054 
0.900356 
0.900171 
0.899987 
0.899803 
0.899619 
0.899435 
0.899251 
0.899067 
0.898883 
0.8987 
0.898516 
0.898332 
0.898149 
0.897965 
0.897782 
0.897598 
0.897415 
0.897231 
0.897048 
0.896865 
0.896681 
0.896498 
0.896315 
0.896132 
0.895949 
0.895766 
0.895583 
0.895401 
0.895218 
0.895035 
0.894852 
0.89467 
0.894487 
0.894305 
0.894122 
0.89394 
0.893758 
0.893575 
0.893393 
0.893211 
0.893029 
0.892847 
0.892665 
0.892483 
0.892301 
0.892119 
0.891938 
0.891756 
0.891574 
0.891393 
0.891211 
0.89103 
0.890848 
0.890667 
0.890486 
0.890305 
0.890123 
0.889942 
0.889761 
0.88958 
0.889399 
0.889219 
0.889038 
0.888857 
0.888676 
0.888496 
0.888315 
0.888135 
0.887954 
0.887774 
0.887593 
0.887413 
0.887233 
0.887053 
0.886873 
0.886693 
0.886513 
0.886333 
0.886153 
0.885973 
0.885794 
0.885614 
0.885434 
0.885255 
0.885075 
0.884896 
0.884717 
0.884537 
0.884358 
0.884179 
0.884 
0.883821 
0.883642 
0.883463 
0.883284 
0.883106 
0.882927 
0.882748 
0.88257 
0.882391 
0.882213 
0.882034 
0.881856 
0.881678 
0.8815 
0.881322 
0.881144 
0.880966 
0.880788 
0.88061 
0.880432 
0.880254 
0.880077 
0.879899 
0.879722 
0.879544 
0.879367 
0.87919 
0.879012 
0.878835 
0.878658 
0.878481 
0.878304 
0.878127 
0.87795 
0.877774 
0.877597 
0.87742 
0.877244 
0.877067 
0.876891 
0.876715 
0.876538 
0.876362 
0.876186 
0.87601 
0.875834 
0.875658 
0.875482 
0.875307 
0.875131 
0.874955 
0.87478 
0.874604 
0.874429 
0.874253 
0.874078 
0.873903 
0.873728 
0.873553 
0.873378 
0.873203 
0.873028 
0.872853 
0.872679 
0.872504 
0.87233 
0.872155 
0.871981 
0.871806 
0.871632 
0.871458 
0.871284 
0.87111 
0.870936 
0.870762 
0.870588 
0.870415 
0.870241 
0.870067 
0.869894 
0.869721 
0.869547 
0.869374 
0.869201 
0.869028 
0.868855 
0.868682 
0.868509 
0.868336 
0.868163 
0.867991 
0.867818 
0.867646 
0.867473 
0.867301 
0.867129 
0.866957 
0.866785 
0.866613 
0.866441 
0.866269 
0.866097 
0.865925 
0.865754 
0.865582 
0.865411 
0.865239 
0.865068 
0.864897 
0.864726 
0.864555 
0.864384 
0.864213 
0.864042 
0.863871 
0.863701 
0.86353 
0.86336 
0.863189 
0.863019 
0.862849 
0.862679 
0.862509 
0.862339 
0.862169 
0.861999 
0.861829 
0.86166 
0.86149 
0.861321 
0.861151 
0.860982 
0.860813 
0.860644 
0.860475 
0.860306 
0.860137 
0.859968 
0.859799 
0.859631 
0.859462 
0.859294 
0.859125 
0.858957 
0.858789 
0.858621 
0.858453 
0.858285 
0.858117 
0.85795 
0.857782 
0.857614 
0.857447 
0.85728 
0.857112 
0.856945 
0.856778 
0.856611 
0.856444 
0.856277 
0.85611 
0.855944 
0.855777 
0.855611 
0.855444 
0.855278 
0.855112 
0.854946 
0.85478 
0.854614 
0.854448 
0.854282 
0.854117 
0.853951 
0.853786 
0.85362 
0.853455 
0.85329 
0.853125 
0.85296 
0.852795 
0.85263 
0.852465 
0.852301 
0.852136 
0.851972 
0.851807 
0.851643 
0.851479 
0.851315 
0.851151 
0.850987 
0.850823 
0.85066 
0.850496 
0.850333 
0.850169 
0.850006 
0.849843 
0.84968 
0.849517 
0.849354 
0.849191 
0.849028 
0.848866 
0.848703 
0.848541 
0.848378 
0.848216 
0.848054 
0.847892 
0.84773 
0.847569 
0.847407 
0.847245 
0.847084 
0.846922 
0.846761 
0.8466 
0.846439 
0.846278 
0.846117 
0.845956 
0.845795 
0.845635 
0.845474 
0.845314 
0.845154 
0.844994 
0.844833 
0.844674 
0.844514 
0.844354 
0.844194 
0.844035 
0.843875 
0.843716 
0.843557 
0.843398 
0.843239 
0.84308 
0.842921 
0.842762 
0.842604 
0.842445 
0.842287 
0.842128 
0.84197 
0.841812 
0.841654 
0.841496 
0.841339 
0.841181 
0.841023 
0.840866 
0.840709 
0.840552 
0.840394 
0.840238 
0.840081 
0.839924 
0.839767 
0.839611 
0.839454 
0.839298 
0.839142 
0.838986 
0.83883 
0.838674 
0.838518 
0.838362 
0.838207 
0.838051 
0.837896 
0.837741 
0.837586 
0.837431 
0.837276 
0.837121 
0.836967 
0.836812 
0.836658 
0.836503 
0.836349 
0.836195 
0.836041 
0.835887 
0.835734 
0.83558 
0.835427 
0.835273 
0.83512 
0.834967 
0.834814 
0.834661 
0.834508 
0.834356 
0.834203 
0.834051 
0.833898 
0.833746 
0.833594 
0.833442 
0.83329 
0.833138 
0.832987 
0.832835 
0.832684 
0.832533 
0.832382 
0.832231 
0.83208 
0.831929 
0.831778 
0.831628 
0.831478 
0.831327 
0.831177 
0.831027 
0.830877 
0.830727 
0.830578 
0.830428 
0.830279 
0.83013 
0.82998 
0.829831 
0.829682 
0.829534 
0.829385 
0.829236 
0.829088 
0.82894 
0.828792 
0.828643 
0.828496 
0.828348 
0.8282 
0.828053 
0.827905 
0.827758 
0.827611 
0.827464 
0.827317 
0.82717 
0.827023 
0.826877 
0.826731 
0.826584 
0.826438 
0.826292 
0.826146 
0.826001 
0.825855 
0.825709 
0.825564 
0.825419 
0.825274 
0.825129 
0.824984 
0.824839 
0.824695 
0.82455 
0.824406 
0.824262 
0.824118 
0.823974 
0.82383 
0.823687 
0.823543 
0.8234 
0.823257 
0.823113 
0.822971 
0.822828 
0.822685 
0.822542 
0.8224 
0.822258 
0.822116 
0.821974 
0.821832 
0.82169 
0.821548 
0.821407 
0.821266 
0.821124 
0.820983 
0.820843 
0.820702 
0.820561 
0.820421 
0.82028 
0.82014 
0.82 
0.81986 
0.81972 
0.819581 
0.819441 
0.819302 
0.819163 
0.819023 
0.818885 
0.818746 
0.818607 
0.818469 
0.81833 
0.818192 
0.818054 
0.817916 
0.817778 
0.81764 
0.817503 
0.817366 
0.817228 
0.817091 
0.816954 
0.816818 
0.816681 
0.816544 
0.816408 
0.816272 
0.816136 
0.816 
0.815864 
0.815728 
0.815593 
0.815458 
0.815323 
0.815187 
0.815053 
0.814918 
0.814783 
0.814649 
0.814515 
0.81438 
0.814246 
0.814113 
0.813979 
0.813845 
0.813712 
0.813579 
0.813446 
0.813313 
0.81318 
0.813047 
0.812915 
0.812783 
0.812651 
0.812518 
0.812387 
0.812255 
0.812123 
0.811992 
0.811861 
0.81173 
0.811599 
0.811468 
0.811337 
0.811207 
0.811077 
0.810946 
0.810816 
0.810687 
0.810557 
0.810427 
0.810298 
0.810169 
0.81004 
0.809911 
0.809782 
0.809654 
0.809525 
0.809397 
0.809269 
0.809141 
0.809013 
0.808886 
0.808758 
0.808631 
0.808504 
0.808377 
0.80825 
0.808123 
0.807997 
0.80787 
0.807744 
0.807618 
0.807493 
0.807367 
0.807241 
0.807116 
0.806991 
0.806866 
0.806741 
0.806616 
0.806492 
0.806367 
0.806243 
0.806119 
0.805995 
0.805872 
0.805748 
0.805625 
0.805502 
0.805379 
0.805256 
0.805133 
0.805011 
0.804888 
0.804766 
0.804644 
0.804522 
0.804401 
0.804279 
0.804158 
0.804037 
0.803916 
0.803795 
0.803674 
0.803554 
0.803434 
0.803313 
0.803194 
0.803074 
0.802954 
0.802835 
0.802715 
0.802596 
0.802477 
0.802359 
0.80224 
0.802122 
0.802004 
0.801886 
0.801768 
0.80165 
0.801533 
0.801415 
0.801298 
0.801181 
0.801064 
0.800948 
0.800831 
0.800715 
0.800599 
0.800483 
0.800367 
0.800252 
0.800136 
0.800021 
0.799906 
0.799791 
0.799677 
0.799562 
0.799448 
0.799334 
0.79922 
0.799106 
0.798993 
0.798879 
0.798766 
0.798653 
0.79854 
0.798428 
0.798315 
0.798203 
0.798091 
0.797979 
0.797868 
0.797756 
0.797645 
0.797534 
0.797423 
0.797312 
0.797201 
0.797091 
0.796981 
0.796871 
0.796761 
0.796651 
0.796542 
0.796432 
0.796323 
0.796214 
0.796106 
0.795997 
0.795889 
0.795781 
0.795673 
0.795565 
0.795458 
0.79535 
0.795243 
0.795136 
0.795029 
0.794923 
0.794816 
0.79471 
0.794604 
0.794498 
0.794393 
0.794287 
0.794182 
0.794077 
0.793972 
0.793867 
0.793763 
0.793659 
0.793555 
0.793451 
0.793347 
0.793244 
0.79314 
0.793037 
0.792934 
0.792832 
0.792729 
0.792627 
0.792525 
0.792423 
0.792321 
0.79222 
0.792119 
0.792018 
0.791917 
0.791816 
0.791716 
0.791615 
0.791515 
0.791416 
0.791316 
0.791216 
0.791117 
0.791018 
0.790919 
0.790821 
0.790722 
0.790624 
0.790526 
0.790428 
0.790331 
0.790233 
0.790136 
0.790039 
0.789942 
0.789846 
0.789749 
0.789653 
0.789557 
0.789462 
0.789366 
0.789271 
0.789176 
0.789081 
0.788986 
0.788892 
0.788797 
0.788703 
0.788609 
0.788516 
0.788422 
0.788329 
0.788236 
0.788143 
0.788051 
0.787959 
0.787866 
0.787775 
0.787683 
0.787591 
0.7875 
0.787409 
0.787318 
0.787228 
0.787137 
0.787047 
0.786957 
0.786867 
0.786778 
0.786688 
0.786599 
0.78651 
0.786422 
0.786333 
0.786245 
0.786157 
0.786069 
0.785982 
0.785894 
0.785807 
0.78572 
0.785634 
0.785547 
0.785461 
0.785375 
0.785289 
0.785204 
0.785118 
0.785033 
0.784948 
0.784864 
0.784779 
0.784695 
0.784611 
0.784527 
0.784444 
0.78436 
0.784277 
0.784194 
0.784112 
0.784029 
0.783947 
0.783865 
0.783784 
0.783702 
0.783621 
0.78354 
0.783459 
0.783378 
0.783298 
0.783218 
0.783138 
0.783058 
0.782979 
0.7829 
0.782821 
0.782742 
0.782664 
0.782586 
0.782507 
0.78243 
0.782352 
0.782275 
0.782198 
0.782121 
0.782044 
0.781968 
0.781892 
0.781816 
0.78174 
0.781665 
0.78159 
0.781515 
0.78144 
0.781366 
0.781291 
0.781217 
0.781144 
0.78107 
0.780997 
0.780924 
0.780851 
0.780779 
0.780706 
0.780634 
0.780562 
0.780491 
0.780419 
0.780348 
0.780277 
0.780207 
0.780137 
0.780066 
0.779997 
0.779927 
0.779858 
0.779788 
0.77972 
0.779651 
0.779582 
0.779514 
0.779446 
0.779379 
0.779311 
0.779244 
0.779177 
0.779111 
0.779044 
0.778978 
0.778912 
0.778847 
0.778781 
0.778716 
0.778651 
0.778586 
0.778522 
0.778458 
0.778394 
0.77833 
0.778267 
0.778204 
0.778141 
0.778078 
0.778016 
0.777954 
0.777892 
0.77783 
0.777769 
0.777708 
0.777647 
0.777587 
0.777526 
0.777466 
0.777406 
0.777347 
0.777288 
0.777229 
0.77717 
0.777111 
0.777053 
0.776995 
0.776937 
0.77688 
0.776823 
0.776766 
0.776709 
0.776653 
0.776597 
0.776541 
0.776485 
0.77643 
0.776375 
0.77632 
0.776265 
0.776211 
0.776157 
0.776103 
0.77605 
0.775996 
0.775943 
0.775891 
0.775838 
0.775786 
0.775734 
0.775683 
0.775631 
0.77558 
0.775529 
0.775479 
0.775428 
0.775378 
0.775329 
0.775279 
0.77523 
0.775181 
0.775132 
0.775084 
0.775036 
0.774988 
0.774941 
0.774893 
0.774846 
0.7748 
0.774753 
0.774707 
0.774661 
0.774615 
0.77457 
0.774525 
0.77448 
0.774436 
0.774392 
0.774348 
0.774304 
0.77426 
0.774217 
0.774175 
0.774132 
0.77409 
0.774048 
0.774006 
0.773965 
0.773923 
0.773883 
0.773842 
0.773802 
0.773762 
0.773722 
0.773682 
0.773643 
0.773604 
0.773566 
0.773527 
0.773489 
0.773452 
0.773414 
0.773377 
0.77334 
0.773304 
0.773267 
0.773231 
0.773196 
0.77316 
0.773125 
0.77309 
0.773056 
0.773021 
0.772987 
0.772954 
0.77292 
0.772887 
0.772854 
0.772822 
0.77279 
0.772758 
0.772726 
0.772695 
0.772664 
0.772633 
0.772602 
0.772572 
0.772542 
0.772513 
0.772483 
0.772455 
0.772426 
0.772397 
0.772369 
0.772342 
0.772314 
0.772287 
0.77226 
0.772233 
0.772207 
0.772181 
0.772155 
0.77213 
0.772105 
0.77208 
0.772056 
0.772032 
0.772008 
0.771984 
0.771961 
0.771938 
0.771915 
0.771893 
0.771871 
0.771849 
0.771828 
0.771807 
0.771786 
0.771765 
0.771745 
0.771725 
0.771706 
0.771686 
0.771667 
0.771649 
0.77163 
0.771612 
0.771595 
0.771577 
0.77156 
0.771543 
0.771527 
0.771511 
0.771495 
0.771479 
0.771464 
0.771449 
0.771435 
0.77142 
0.771406 
0.771393 
0.771379 
0.771366 
0.771354 
0.771341 
0.771329 
0.771317 
0.771306 
0.771295 
0.771284 
0.771274 
0.771264 
0.771254 
0.771244 
0.771235 
0.771226 
0.771218 
0.771209 
0.771201 
0.771194 
0.771187 
0.77118 
0.771173 
0.771167 
0.771161 
0.771155 
0.77115 
0.771145 
0.77114 
0.771136 
0.771132 
0.771128 
0.771125 
0.771122 
0.771119 
0.771117 
0.771115 
0.771113 
0.771112 
0.771111 
0.77111 
0.77111 
0.77111 
0.77111 
0.771111 
0.771112 
0.771113 
0.771115 
0.771116 
0.771119 
0.771121 
0.771124 
0.771128 
0.771131 
0.771135 
0.77114 
0.771144 
0.771149 
0.771155 
0.77116 
0.771166 
0.771173 
0.771179 
0.771186 
0.771194 
0.771201 
0.771209 
0.771218 
0.771226 
0.771235 
0.771245 
0.771255 
0.771265 
0.771275 
0.771286 
0.771297 
0.771309 
0.77132 
0.771333 
0.771345 
0.771358 
0.771371 
0.771385 
0.771399 
0.771413 
0.771427 
0.771442 
0.771458 
0.771473 
0.771489 
0.771506 
0.771522 
0.771539 
0.771557 
0.771575 
0.771593 
0.771611 
0.77163 
0.771649 
0.771669 
0.771689 
0.771709 
0.771729 
0.77175 
0.771772 
0.771793 
0.771815 
0.771838 
0.77186 
0.771883 
0.771907 
0.771931 
0.771955 
0.771979 
0.772004 
0.772029 
0.772055 
0.772081 
0.772107 
0.772134 
0.772161 
0.772189 
0.772216 
0.772244 
0.772273 
0.772302 
0.772331 
0.772361 
0.772391 
0.772421 
0.772452 
0.772483 
0.772514 
0.772546 
0.772578 
0.772611 
0.772644 
0.772677 
0.772711 
0.772745 
0.772779 
0.772814 
0.772849 
0.772884 
0.77292 
0.772957 
0.772993 
0.77303 
0.773068 
0.773105 
0.773143 
0.773182 
0.773221 
0.77326 
0.7733 
0.77334 
0.77338 
0.773421 
0.773462 
0.773504 
0.773545 
0.773588 
0.77363 
0.773673 
0.773717 
0.773761 
0.773805 
0.773849 
0.773894 
0.77394 
0.773985 
0.774031 
0.774078 
0.774125 
0.774172 
0.77422 
0.774268 
0.774316 
0.774365 
0.774414 
0.774464 
0.774514 
0.774564 
0.774615 
0.774666 
0.774717 
0.774769 
0.774821 
0.774874 
0.774927 
0.774981 
0.775035 
0.775089 
0.775143 
0.775199 
0.775254 
0.77531 
0.775366 
0.775423 
0.77548 
0.775537 
0.775595 
0.775653 
0.775712 
0.775771 
0.77583 
0.77589 
0.77595 
0.776011 
0.776072 
0.776133 
0.776195 
0.776257 
0.77632 
0.776383 
0.776446 
0.77651 
0.776574 
0.776639 
0.776704 
0.776769 
0.776835 
0.776901 
0.776968 
0.777035 
0.777102 
0.77717 
0.777238 
0.777307 
0.777376 
0.777445 
0.777515 
0.777586 
0.777656 
0.777728 
0.777799 
0.777871 
0.777943 
0.778016 
0.778089 
0.778163 
0.778237 
0.778311 
0.778386 
0.778461 
0.778537 
0.778613 
0.77869 
0.778767 
0.778844 
0.778922 
0.779 
0.779078 
0.779157 
0.779237 
0.779317 
0.779397 
0.779478 
0.779559 
0.77964 
0.779722 
0.779805 
0.779887 
0.779971 
0.780054 
0.780138 
0.780223 
0.780308 
0.780393 
0.780479 
0.780565 
0.780652 
0.780739 
0.780826 
0.780914 
0.781002 
0.781091 
0.78118 
0.78127 
0.78136 
0.781451 
0.781541 
0.781633 
0.781725 
0.781817 
0.781909 
0.782002 
0.782096 
0.78219 
0.782284 
0.782379 
0.782474 
0.78257 
0.782666 
0.782763 
0.78286 
0.782957 
0.783055 
0.783153 
0.783252 
0.783351 
0.783451 
0.783551 
0.783651 
0.783752 
0.783854 
0.783956 
0.784058 
0.784161 
0.784264 
0.784367 
0.784471 
0.784576 
0.784681 
0.784786 
0.784892 
0.784998 
0.785105 
0.785212 
0.78532 
0.785428 
0.785537 
0.785646 
0.785755 
0.785865 
0.785975 
0.786086 
0.786197 
0.786309 
0.786421 
0.786534 
0.786647 
0.78676 
0.786874 
0.786988 
0.787103 
0.787219 
0.787334 
0.787451 
0.787567 
0.787684 
0.787802 
0.78792 
0.788039 
0.788158 
0.788277 
0.788397 
0.788517 
0.788638 
0.788759 
0.788881 
0.789003 
0.789126 
0.789249 
0.789373 
0.789497 
0.789621 
0.789746 
0.789872 
0.789998 
0.790124 
0.790251 
0.790378 
0.790506 
0.790634 
0.790763 
0.790892 
0.791022 
0.791152 
0.791283 
0.791414 
0.791546 
0.791678 
0.79181 
0.791943 
0.792076 
0.79221 
0.792345 
0.79248 
0.792615 
0.792751 
0.792887 
0.793024 
0.793161 
0.793299 
0.793437 
0.793576 
0.793715 
0.793855 
0.793995 
0.794136 
0.794277 
0.794418 
0.79456 
0.794703 
0.794846 
0.794989 
0.795133 
0.795278 
0.795423 
0.795568 
0.795714 
0.795861 
0.796008 
0.796155 
0.796303 
0.796451 
0.7966 
0.79675 
0.796899 
0.79705 
0.797201 
0.797352 
0.797504 
0.797656 
0.797809 
0.797962 
0.798116 
0.79827 
0.798425 
0.79858 
0.798736 
0.798892 
0.799049 
0.799206 
0.799364 
0.799522 
0.799681 
0.79984 
0.8 
0.80016 
0.800321 
0.800482 
0.800644 
0.800806 
0.800969 
0.801132 
0.801296 
0.80146 
0.801625 
0.80179 
0.801956 
0.802122 
0.802289 
0.802457 
0.802624 
0.802793 
0.802961 
0.803131 
0.803301 
0.803471 
0.803642 
0.803813 
0.803985 
0.804158 
0.80433 
0.804504 
0.804678 
0.804852 
0.805027 
0.805203 
0.805379 
0.805555 
0.805732 
0.80591 
0.806088 
0.806266 
0.806445 
0.806625 
0.806805 
0.806986 
0.807167 
0.807349 
0.807531 
0.807714 
0.807897 
0.808081 
0.808265 
0.80845 
0.808635 
0.808821 
0.809007 
0.809194 
0.809382 
0.80957 
0.809758 
0.809947 
0.810137 
0.810327 
0.810517 
0.810709 
0.8109 
0.811092 
0.811285 
0.811478 
0.811672 
0.811867 
0.812061 
0.812257 
0.812453 
0.812649 
0.812846 
0.813044 
0.813242 
0.81344 
0.813639 
0.813839 
0.814039 
0.81424 
0.814441 
0.814643 
0.814846 
0.815048 
0.815252 
0.815456 
0.81566 
0.815866 
0.816071 
0.816277 
0.816484 
0.816691 
0.816899 
0.817107 
0.817316 
0.817526 
0.817736 
0.817946 
0.818157 
0.818369 
0.818581 
0.818794 
0.819007 
0.819221 
0.819435 
0.81965 
0.819866 
0.820082 
0.820298 
0.820515 
0.820733 
0.820951 
0.82117 
0.821389 
0.821609 
0.82183 
0.822051 
0.822272 
0.822494 
0.822717 
0.82294 
0.823164 
0.823388 
0.823613 
0.823839 
0.824065 
0.824292 
0.824519 
0.824746 
0.824975 
0.825204 
0.825433 
0.825663 
0.825894 
0.826125 
0.826356 
0.826589 
0.826821 
0.827055 
0.827289 
0.827523 
0.827758 
0.827994 
0.82823 
0.828467 
0.828705 
0.828943 
0.829181 
0.82942 
0.82966 
0.8299 
0.830141 
0.830382 
0.830624 
0.830867 
0.83111 
0.831354 
0.831598 
0.831843 
0.832088 
0.832334 
0.832581 
0.832828 
0.833076 
0.833324 
0.833573 
0.833823 
0.834073 
0.834323 
0.834575 
0.834826 
0.835079 
0.835332 
0.835585 
0.83584 
0.836094 
0.83635 
0.836606 
0.836862 
0.837119 
0.837377 
0.837635 
0.837894 
0.838154 
0.838414 
0.838674 
0.838936 
0.839198 
0.83946 
0.839723 
0.839987 
0.840251 
0.840516 
0.840781 
0.841047 
0.841314 
0.841581 
0.841849 
0.842117 
0.842386 
0.842656 
0.842926 
0.843197 
0.843468 
0.84374 
0.844013 
0.844286 
0.84456 
0.844835 
0.84511 
0.845385 
0.845662 
0.845938 
0.846216 
0.846494 
0.846773 
0.847052 
0.847332 
0.847612 
0.847894 
0.848175 
0.848458 
0.848741 
0.849024 
0.849308 
0.849593 
0.849879 
0.850165 
0.850451 
0.850738 
0.851026 
0.851315 
0.851604 
0.851894 
0.852184 
0.852475 
0.852767 
0.853059 
0.853352 
0.853645 
0.853939 
0.854234 
0.854529 
0.854825 
0.855122 
0.855419 
0.855717 
0.856015 
0.856314 
0.856614 
0.856914 
0.857215 
0.857517 
0.857819 
0.858122 
0.858425 
0.858729 
0.859034 
0.859339 
0.859645 
0.859952 
0.860259 
0.860567 
0.860875 
0.861185 
0.861494 
0.861805 
0.862116 
0.862427 
0.86274 
0.863053 
0.863366 
0.863681 
0.863996 
0.864311 
0.864627 
0.864944 
0.865261 
0.86558 
0.865898 
0.866218 
0.866538 
0.866858 
0.86718 
0.867502 
0.867824 
0.868147 
0.868471 
0.868796 
0.869121 
0.869447 
0.869773 
0.8701 
0.870428 
0.870757 
0.871086 
0.871416 
0.871746 
0.872077 
0.872409 
0.872741 
0.873074 
0.873408 
0.873742 
0.874077 
0.874413 
0.874749 
0.875086 
0.875423 
0.875762 
0.876101 
0.87644 
0.87678 
0.877121 
0.877463 
0.877805 
0.878148 
0.878492 
0.878836 
0.879181 
0.879526 
0.879873 
0.880219 
0.880567 
0.880915 
0.881264 
0.881614 
0.881964 
0.882315 
0.882666 
0.883019 
0.883371 
0.883725 
0.884079 
0.884434 
0.88479 
0.885146 
0.885503 
0.885861 
0.886219 
0.886578 
0.886938 
0.887298 
0.887659 
0.888021 
0.888383 
0.888746 
0.88911 
0.889474 
0.889839 
0.890205 
0.890572 
0.890939 
0.891306 
0.891675 
0.892044 
0.892414 
0.892785 
0.893156 
0.893528 
0.8939 
0.894274 
0.894648 
0.895022 
0.895398 
0.895774 
0.896151 
0.896528 
0.896906 
0.897285 
0.897665 
0.898045 
0.898426 
0.898807 
0.89919 
0.899573 
0.899956 
0.900341 
0.900726 
0.901112 
0.901498 
0.901885 
0.902273 
0.902662 
0.903051 
0.903441 
0.903832 
0.904223 
0.904616 
0.905008 
0.905402 
0.905796 
0.906191 
0.906587 
0.906983 
0.90738 
0.907778 
0.908176 
0.908576 
0.908975 
0.909376 
0.909777 
0.910179 
0.910582 
0.910986 
0.91139 
0.911795 
0.9122 
0.912606 
0.913014 
0.913421 
0.91383 
0.914239 
0.914649 
0.915059 
0.915471 
0.915883 
0.916296 
0.916709 
0.917123 
0.917538 
0.917954 
0.91837 
0.918787 
0.919205 
0.919624 
0.920043 
0.920463 
0.920884 
0.921305 
0.921727 
0.92215 
0.922574 
0.922998 
0.923424 
0.923849 
0.924276 
0.924703 
0.925131 
0.92556 
0.92599 
0.92642 
0.926851 
0.927282 
0.927715 
0.928148 
0.928582 
0.929017 
0.929452 
0.929888 
0.930325 
0.930763 
0.931201 
0.93164 
0.93208 
0.932521 
0.932962 
0.933404 
0.933847 
0.93429 
0.934735 
0.93518 
0.935625 
0.936072 
0.936519 
0.936967 
0.937416 
0.937866 
0.938316 
0.938767 
0.939219 
0.939671 
0.940125 
0.940579 
0.941034 
0.941489 
0.941945 
0.942402 
0.94286 
0.943319 
0.943778 
0.944238 
0.944699 
0.945161 
0.945623 
0.946086 
0.94655 
0.947015 
0.94748 
0.947946 
0.948413 
0.948881 
0.94935 
0.949819 
0.950289 
0.95076 
0.951231 
0.951703 
0.952177 
0.95265 
0.953125 
0.9536 
0.954077 
0.954553 
0.955031 
0.95551 
0.955989 
0.956469 
0.95695 
0.957431 
0.957914 
0.958397 
0.958881 
0.959365 
0.959851 
0.960337 
0.960824 
0.961312 
0.9618 
0.96229 
0.96278 
0.963271 
0.963762 
0.964255 
0.964748 
0.965242 
0.965737 
0.966233 
0.966729 
0.967226 
0.967724 
0.968223 
0.968723 
0.969223 
0.969724 
0.970226 
0.970729 
0.971232 
0.971736 
0.972242 
0.972747 
0.973254 
0.973762 
0.97427 
0.974779 
0.975289 
0.975799 
0.976311 
0.976823 
0.977336 
0.97785 
0.978365 
0.97888 
0.979396 
0.979913 
0.980431 
0.98095 
0.981469 
0.98199 
0.982511 
0.983033 
0.983555 
0.984079 
0.984603 
0.985128 
0.985654 
0.986181 
0.986709 
0.987237 
0.987766 
0.988296 
0.988827 
0.989358 
0.989891 
0.990424 
0.990958 
0.991493 
0.992029 
0.992565 
0.993102 
0.993641 
0.99418 
0.994719 
0.99526 
0.995801 
0.996344 
0.996887 
0.99743 
0.997975 
0.998521 
0.999067 
0.999614 
1.00016 
1.00071 
1.00126 
1.00181 
1.00236 
1.00291 
1.00347 
1.00402 
1.00458 
1.00513 
1.00569 
1.00624 
1.0068 
1.00736 
1.00792 
1.00848 
1.00904 
1.00961 
1.01017 
1.01073 
1.0113 
1.01186 
1.01243 
1.013 
1.01356 
1.01413 
1.0147 
1.01527 
1.01584 
1.01642 
1.01699 
1.01756 
1.01814 
1.01871 
1.01929 
1.01987 
1.02045 
1.02102 
1.0216 
1.02218 
1.02277 
1.02335 
1.02393 
1.02452 
1.0251 
1.02569 
1.02627 
1.02686 
1.02745 
1.02804 
1.02863 
1.02922 
1.02981 
1.0304 
1.031 
1.03159 
1.03219 
1.03278 
1.03338 
1.03398 
1.03458 
1.03518 
1.03578 
1.03638 
1.03698 
1.03758 
1.03819 
1.03879 
1.0394 
1.04 
1.04061 
1.04122 
1.04183 
1.04244 
1.04305 
1.04366 
1.04427 
1.04489 
1.0455 
1.04612 
1.04673 
1.04735 
1.04797 
1.04859 
1.04921 
1.04983 
1.05045 
1.05107 
1.05169 
1.05232 
1.05294 
1.05357 
1.05419 
1.05482 
1.05545 
1.05608 
1.05671 
1.05734 
1.05797 
1.05861 
1.05924 
1.05987 
1.06051 
1.06115 
1.06178 
1.06242 
1.06306 
1.0637 
1.06434 
1.06498 
1.06563 
1.06627 
1.06691 
1.06756 
1.06821 
1.06885 
1.0695 
1.07015 
1.0708 
1.07145 
1.0721 
1.07275 
1.07341 
1.07406 
1.07472 
1.07537 
1.07603 
1.07669 
1.07735 
1.07801 
1.07867 
1.07933 
1.07999 
1.08066 
1.08132 
1.08198 
1.08265 
1.08332 
1.08399 
1.08466 
1.08532 
1.086 
1.08667 
1.08734 
1.08801 
1.08869 
1.08936 
1.09004 
1.09072 
1.09139 
1.09207 
1.09275 
1.09343 
1.09412 
1.0948 
1.09548 
1.09617 
1.09685 
1.09754 
1.09823 
1.09891 
1.0996 
1.10029 
1.10099 
1.10168 
1.10237 
1.10306 
1.10376 
1.10445 
1.10515 
1.10585 
1.10655 
1.10725 
1.10795 
1.10865 
1.10935 
1.11005 
1.11076 
1.11146 
1.11217 
1.11288 
1.11358 
1.11429 
1.115 
1.11571 
1.11642 
1.11714 
1.11785 
1.11857 
1.11928 
1.12 
1.12071 
1.12143 
1.12215 
1.12287 
1.12359 
1.12432 
1.12504 
1.12576 
1.12649 
1.12721 
1.12794 
1.12867 
1.1294 
1.13013 
1.13086 
1.13159 
1.13232 
1.13306 
1.13379 
1.13453 
1.13526 
1.136 
1.13674 
1.13748 
1.13822 
1.13896 
1.1397 
1.14044 
1.14119 
1.14193 
1.14268 
1.14343 
1.14418 
1.14492 
1.14567 
1.14643 
1.14718 
1.14793 
1.14868 
1.14944 
1.1502 
1.15095 
1.15171 
1.15247 
1.15323 
1.15399 
1.15475 
1.15551 
1.15628 
1.15704 
1.15781 
1.15857 
1.15934 
1.16011 
1.16088 
1.16165 
1.16242 
1.1632 
1.16397 
1.16474 
1.16552 
1.1663 
1.16707 
1.16785 
1.16863 
1.16941 
1.17019 
1.17098 
1.17176 
1.17254 
1.17333 
1.17411 
1.1749 
1.17569 
1.17648 
1.17727 
1.17806 
1.17885 
1.17965 
1.18044 
1.18124 
1.18203 
1.18283 
1.18363 
1.18443 
1.18523 
1.18603 
1.18683 
1.18764 
1.18844 
1.18925 
1.19005 
1.19086 
1.19167 
1.19248 
1.19329 
1.1941 
1.19491 
1.19573 
1.19654 
1.19736 
1.19818 
1.19899 
1.19981 
1.20063 
1.20145 
1.20227 
1.2031 
1.20392 
1.20475 
1.20557 
1.2064 
1.20723 
1.20805 
1.20888 
1.20972 
1.21055 
1.21138 
1.21222 
1.21305 
1.21389 
1.21472 
1.21556 
1.2164 
1.21724 
1.21808 
1.21892 
1.21977 
1.22061 
1.22146 
1.2223 
1.22315 
1.224 
1.22485 
1.2257 
1.22655 
1.22741 
1.22826 
1.22911 
1.22997 
1.23083 
1.23168 
1.23254 
1.2334 
1.23426 
1.23513 
1.23599 
1.23685 
1.23772 
1.23859 
1.23945 
1.24032 
1.24119 
1.24206 
1.24293 
1.24381 
1.24468 
1.24555 
1.24643 
1.24731 
1.24818 
1.24906 
1.24994 
1.25082 
1.25171 
1.25259 
1.25347 
1.25436 
1.25525 
1.25613 
1.25702 
1.25791 
1.2588 
1.25969 
1.26059 
1.26148 
1.26238 
1.26327 
1.26417 
1.26507 
1.26597 
1.26687 
1.26777 
1.26867 
1.26957 
1.27048 
1.27138 
1.27229 
1.2732 
1.27411 
1.27502 
1.27593 
1.27684 
1.27776 
1.27867 
1.27958 
1.2805 
1.28142 
1.28234 
1.28326 
1.28418 
1.2851 
1.28602 
1.28695 
1.28787 
1.2888 
1.28973 
1.29065 
1.29158 
1.29252 
1.29345 
1.29438 
1.29531 
1.29625 
1.29718 
1.29812 
1.29906 
1.3 
1.30094 
1.30188 
1.30282 
1.30377 
1.30471 
1.30566 
1.30661 
1.30756 
1.3085 
1.30946 
1.31041 
1.31136 
1.31231 
1.31327 
1.31422 
1.31518 
1.31614 
1.3171 
1.31806 
1.31902 
1.31998 
1.32095 
1.32191 
1.32288 
1.32385 
1.32481 
1.32578 
1.32675 
1.32773 
1.3287 
1.32967 
1.33065 
1.33162 
1.3326 
1.33358 
1.33456 
1.33554 
1.33652 
1.3375 
1.33849 
1.33947 
1.34046 
1.34145 
1.34244 
1.34342 
1.34442 
1.34541 
1.3464 
1.34739 
1.34839 
1.34939 
1.35038 
1.35138 
1.35238 
1.35338 
1.35439 
1.35539 
1.35639 
1.3574 
1.35841 
1.35941 
1.36042 
1.36143 
1.36244 
1.36346 
1.36447 
1.36549 
1.3665 
1.36752 
1.36854 
1.36956 
1.37058 
1.3716 
1.37262 
1.37364 
1.37467 
1.3757 
1.37672 
1.37775 
1.37878 
1.37981 
1.38084 
1.38188 
1.38291 
1.38395 
1.38498 
1.38602 
1.38706 
1.3881 
1.38914 
1.39019 
1.39123 
1.39227 
1.39332 
1.39437 
1.39542 
1.39647 
1.39752 
1.39857 
1.39962 
1.40068 
1.40173 
1.40279 
1.40384 
1.4049 
1.40596 
1.40703 
1.40809 
1.40915 
1.41022 
1.41128 
1.41235 
1.41342 
1.41449 
1.41556 
1.41663 
1.4177 
1.41878 
1.41985 
1.42093 
1.42201 
1.42309 
1.42417 
1.42525 
1.42633 
1.42741 
1.4285 
1.42959 
1.43067 
1.43176 
1.43285 
1.43394 
1.43503 
1.43613 
1.43722 
1.43832 
1.43942 
1.44051 
1.44161 
1.44271 
1.44381 
1.44492 
1.44602 
1.44713 
1.44823 
1.44934 
1.45045 
1.45156 
1.45267 
1.45379 
1.4549 
1.45601 
1.45713 
1.45825 
1.45937 
1.46049 
1.46161 
1.46273 
1.46385 
1.46498 
1.4661 
1.46723 
1.46836 
1.46949 
1.47062 
1.47175 
1.47289 
1.47402 
1.47516 
1.47629 
1.47743 
1.47857 
1.47971 
1.48085 
1.482 
1.48314 
1.48429 
1.48543 
1.48658 
1.48773 
1.48888 
1.49003 
1.49119 
1.49234 
1.4935 
1.49465 
1.49581 
1.49697 
1.49813 
1.49929 
1.50045 
1.50162 
1.50278 
1.50395 
1.50512 
1.50629 
1.50746 
1.50863 
1.5098 
1.51098 
1.51215 
1.51333 
1.51451 
1.51568 
1.51687 
1.51805 
1.51923 
1.52041 
1.5216 
1.52279 
1.52397 
1.52516 
1.52635 
1.52754 
1.52874 
1.52993 
1.53113 
1.53232 
1.53352 
1.53472 
1.53592 
1.53712 
1.53833 
1.53953 
1.54074 
1.54194 
1.54315 
1.54436 
1.54557 
1.54678 
1.548 
1.54921 
1.55043 
1.55164 
1.55286 
1.55408 
1.5553 
1.55652 
1.55775 
1.55897 
1.5602 
1.56143 
1.56265 
1.56388 
1.56511 
1.56635 
1.56758 
1.56882 
1.57005 
1.57129 
1.57253 
1.57377 
1.57501 
1.57625 
1.5775 
1.57874 
1.57999 
1.58124 
1.58248 
1.58373 
1.58499 
1.58624 
1.58749 
1.58875 
1.59001 
1.59126 
1.59252 
1.59378 
1.59505 
1.59631 
1.59757 
1.59884 
1.60011 
1.60138 
1.60265 
1.60392 
1.60519 
1.60646 
1.60774 
1.60902 
1.61029 
1.61157 
1.61285 
1.61413 
1.61542 
1.6167 
1.61799 
1.61927 
1.62056 
1.62185 
1.62314 
1.62444 
1.62573 
1.62702 
1.62832 
1.62962 
1.63092 
1.63222 
1.63352 
1.63482 
1.63613 
1.63743 
1.63874 
1.64005 
1.64136 
1.64267 
1.64398 
1.64529 
1.64661 
1.64792 
1.64924 
1.65056 
1.65188 
1.6532 
1.65452 
1.65585 
1.65717 
1.6585 
1.65983 
1.66116 
1.66249 
1.66382 
1.66515 
1.66649 
1.66782 
1.66916 
1.6705 
1.67184 
1.67318 
1.67453 
1.67587 
1.67722 
1.67856 
1.67991 
1.68126 
1.68261 
1.68396 
1.68532 
1.68667 
1.68803 
1.68939 
1.69075 
1.69211 
1.69347 
1.69483 
1.6962 
1.69756 
1.69893 
1.7003 
1.70167 
1.70304 
1.70441 
1.70579 
1.70716 
1.70854 
1.70992 
1.7113 
1.71268 
1.71406 
1.71545 
1.71683 
1.71822 
1.71961 
1.721 
1.72239 
1.72378 
1.72517 
1.72657 
1.72796 
1.72936 
1.73076 
1.73216 
1.73356 
1.73497 
1.73637 
1.73778 
1.73918 
1.74059 
1.742 
1.74341 
1.74483 
1.74624 
1.74766 
1.74907 
1.75049 
1.75191 
1.75333 
1.75476 
1.75618 
1.7576 
1.75903 
1.76046 
1.76189 
1.76332 
1.76475 
1.76619 
1.76762 
1.76906 
1.7705 
1.77194 
1.77338 
1.77482 
1.77626 
1.77771 
1.77915 
1.7806 
1.78205 
1.7835 
1.78495 
1.78641 
1.78786 
1.78932 
1.79078 
1.79224 
1.7937 
1.79516 
1.79662 
1.79809 
1.79955 
1.80102 
1.80249 
1.80396 
1.80543 
1.80691 
1.80838 
1.80986 
1.81134 
1.81282 
1.8143 
1.81578 
1.81726 
1.81875 
1.82023 
1.82172 
1.82321 
1.8247 
1.82619 
1.82769 
1.82918 
1.83068 
1.83217 
1.83367 
1.83517 
1.83668 
1.83818 
1.83969 
1.84119 
1.8427 
1.84421 
1.84572 
1.84723 
1.84875 
1.85026 
1.85178 
1.8533 
1.85482 
1.85634 
1.85786 
1.85938 
1.86091 
1.86243 
1.86396 
1.86549 
1.86702 
1.86856 
1.87009 
1.87163 
1.87316 
1.8747 
1.87624 
1.87778 
1.87933 
1.88087 
1.88242 
1.88396 
1.88551 
1.88706 
1.88861 
1.89017 
1.89172 
1.89328 
1.89484 
1.89639 
1.89796 
1.89952 
1.90108 
1.90265 
1.90421 
1.90578 
1.90735 
1.90892 
1.91049 
1.91207 
1.91364 
1.91522 
1.9168 
1.91838 
1.91996 
1.92154 
1.92312 
1.92471 
1.9263 
1.92789 
1.92948 
1.93107 
1.93266 
1.93426 
1.93585 
1.93745 
1.93905 
1.94065 
1.94225 
1.94386 
1.94546 
1.94707 
1.94868 
1.95029 
1.9519 
1.95351 
1.95512 
1.95674 
1.95836 
1.95998 
1.9616 
1.96322 
1.96484 
1.96647 
1.96809 
1.96972 
1.97135 
1.97298 
1.97461 
1.97625 
1.97788 
1.97952 
1.98116 
1.9828 
1.98444 
1.98608 
1.98773 
1.98937 
1.99102 
1.99267 
1.99432 
1.99597 
1.99763 
1.99928 
2.00094 
2.0026 
2.00426 
2.00592 
2.00758 
2.00924 
2.01091 
2.01258 
2.01425 
2.01592 
2.01759 
2.01926 
2.02094 
2.02261 
2.02429 
2.02597 
2.02765 
2.02934 
2.03102 
2.03271 
2.03439 
2.03608 
2.03777 
2.03947 
2.04116 
2.04285 
2.04455 
2.04625 
2.04795 
2.04965 
2.05135 
2.05306 
2.05477 
2.05647 
2.05818 
2.05989 
2.06161 
2.06332 
2.06503 
2.06675 
2.06847 
2.07019 
2.07191 
2.07364 
2.07536 
2.07709 
2.07881 
2.08054 
2.08228 
2.08401 
2.08574 
2.08748 
2.08922 
2.09096 
2.0927 
2.09444 
2.09618 
2.09793 
2.09967 
2.10142 
2.10317 
2.10492 
2.10668 
2.10843 
2.11019 
2.11195 
2.11371 
2.11547 
2.11723 
2.11899 
2.12076 
2.12253 
2.1243 
2.12607 
2.12784 
2.12961 
2.13139 
2.13317 
2.13495 
2.13673 
2.13851 
2.14029 
2.14208 
2.14386 
2.14565 
2.14744 
2.14923 
2.15103 
2.15282 
2.15462 
2.15641 
2.15821 
2.16002 
2.16182 
2.16362 
2.16543 
2.16724 
2.16904 
2.17086 
2.17267 
2.17448 
2.1763 
2.17812 
2.17993 
2.18175 
2.18358 
2.1854 
2.18723 
2.18905 
2.19088 
2.19271 
2.19454 
2.19638 
2.19821 
2.20005 
2.20189 
2.20373 
2.20557 
2.20741 
2.20926 
2.2111 
2.21295 
2.2148 
2.21665 
2.21851 
2.22036 
2.22222 
2.22408 
2.22593 
2.2278 
2.22966 
2.23152 
2.23339 
2.23526 
2.23713 
2.239 
2.24087 
2.24275 
2.24462 
2.2465 
2.24838 
2.25026 
2.25214 
2.25403 
2.25591 
2.2578 
2.25969 
2.26158 
2.26347 
2.26537 
2.26726 
2.26916 
2.27106 
2.27296 
2.27486 
2.27677 
2.27867 
2.28058 
2.28249 
2.2844 
2.28632 
2.28823 
2.29015 
2.29206 
2.29398 
2.2959 
2.29783 
2.29975 
2.30168 
2.3036 
2.30553 
2.30746 
2.3094 
2.31133 
2.31327 
2.31521 
2.31714 
2.31909 
2.32103 
2.32297 
2.32492 
2.32687 
2.32882 
2.33077 
2.33272 
2.33468 
2.33663 
2.33859 
2.34055 
2.34251 
2.34447 
2.34644 
2.34841 
2.35037 
2.35234 
2.35432 
2.35629 
2.35826 
2.36024 
2.36222 
2.3642 
2.36618 
2.36816 
2.37015 
2.37214 
2.37412 
2.37612 
2.37811 
2.3801 
2.3821 
2.38409 
2.38609 
2.38809 
2.3901 
2.3921 
2.39411 
2.39611 
2.39812 
2.40013 
2.40215 
2.40416 
2.40618 
2.40819 
2.41021 
2.41224 
2.41426 
2.41628 
2.41831 
2.42034 
2.42237 
2.4244 
2.42643 
2.42847 
2.4305 
2.43254 
2.43458 
2.43663 
2.43867 
2.44072 
2.44276 
2.44481 
2.44686 
2.44891 
2.45097 
2.45302 
2.45508 
2.45714 
2.4592 
2.46127 
2.46333 
2.4654 
2.46747 
2.46954 
2.47161 
2.47368 
2.47576 
2.47783 
2.47991 
2.48199 
2.48408 
2.48616 
2.48825 
2.49033 
2.49242 
2.49451 
2.49661 
2.4987 
2.5008 
2.5029 
2.50499 
2.5071 
2.5092 
2.51131 
2.51341 
2.51552 
2.51763 
2.51974 
2.52186 
2.52397 
2.52609 
2.52821 
2.53033 
2.53246 
2.53458 
2.53671 
2.53883 
2.54097 
2.5431 
2.54523 
2.54737 
2.5495 
2.55164 
2.55378 
2.55593 
2.55807 
2.56022 
2.56236 
2.56451 
2.56667 
2.56882 
2.57097 
2.57313 
2.57529 
2.57745 
2.57961 
2.58178 
2.58394 
2.58611 
2.58828 
2.59045 
2.59263 
2.5948 
2.59698 
2.59916 
2.60134 
2.60352 
2.6057 
2.60789 
2.61008 
2.61227 
2.61446 
2.61665 
2.61884 
2.62104 
2.62324 
2.62544 
2.62764 
2.62985 
2.63205 
2.63426 
2.63647 
2.63868 
2.64089 
2.64311 
2.64533 
2.64754 
2.64976 
2.65199 
2.65421 
2.65644 
2.65866 
2.66089 
2.66313 
2.66536 
2.66759 
2.66983 
2.67207 
2.67431 
2.67655 
2.6788 
2.68104 
2.68329 
2.68554 
2.68779 
2.69005 
2.6923 
2.69456 
2.69682 
2.69908 
2.70134 
2.70361 
2.70587 
2.70814 
2.71041 
2.71268 
2.71496 
2.71723 
2.71951 
2.72179 
2.72407 
2.72635 
2.72864 
2.73093 
2.73322 
2.73551 
2.7378 
2.74009 
2.74239 
2.74469 
2.74699 
2.74929 
2.75159 
2.7539 
2.75621 
2.75852 
2.76083 
2.76314 
2.76545 
2.76777 
2.77009 
2.77241 
2.77473 
2.77706 
2.77938 
2.78171 
2.78404 
2.78637 
2.78871 
2.79104 
2.79338 
2.79572 
2.79806 
2.80041 
2.80275 
2.8051 
2.80745 
2.8098 
2.81215 
2.8145 
2.81686 
2.81922 
2.82158 
2.82394 
2.82631 
2.82867 
2.83104 
2.83341 
2.83578 
2.83816 
2.84053 
2.84291 
2.84529 
2.84767 
2.85005 
2.85244 
2.85482 
2.85721 
2.8596 
2.862 
2.86439 
2.86679 
2.86919 
2.87159 
2.87399 
2.87639 
2.8788 
2.88121 
2.88362 
2.88603 
2.88844 
2.89086 
2.89328 
2.8957 
2.89812 
2.90054 
2.90297 
2.90539 
2.90782 
2.91026 
2.91269 
2.91512 
2.91756 
2.92 
2.92244 
2.92488 
2.92733 
2.92978 
2.93222 
2.93467 
2.93713 
2.93958 
2.94204 
2.9445 
2.94696 
2.94942 
2.95188 
2.95435 
2.95682 
2.95929 
2.96176 
2.96424 
2.96671 
2.96919 
2.97167 
2.97415 
2.97664 
2.97912 
2.98161 
2.9841 
2.98659 
2.98908 
2.99158 
2.99408 
2.99658 
2.99908 
3.00158 
3.00409 
3.0066 
3.0091 
3.01162 
3.01413 
3.01664 
3.01916 
3.02168 
3.0242 
3.02673 
3.02925 
3.03178 
3.03431 
3.03684 
3.03937 
3.04191 
3.04445 
3.04698 
3.04953 
3.05207 
3.05461 
3.05716 
3.05971 
3.06226 
3.06481 
3.06737 
3.06993 
3.07249 
3.07505 
3.07761 
3.08018 
3.08274 
3.08531 
3.08788 
3.09046 
3.09303 
3.09561 
3.09819 
3.10077 
3.10335 
3.10594 
3.10852 
3.11111 
3.1137 
3.1163 
3.11889 
3.12149 
3.12409 
3.12669 
3.12929 
3.1319 
3.13451 
3.13712 
3.13973 
3.14234 
3.14496 
3.14757 
3.15019 
3.15282 
3.15544 
3.15806 
3.16069 
3.16332 
3.16595 
3.16859 
3.17122 
3.17386 
3.1765 
3.17914 
3.18179 
3.18443 
3.18708 
3.18973 
3.19238 
3.19504 
3.19769 
3.20035 
3.20301 
3.20567 
3.20834 
3.211 
3.21367 
3.21634 
3.21902 
3.22169 
3.22437 
3.22705 
3.22973 
3.23241 
3.2351 
3.23778 
3.24047 
3.24316 
3.24586 
3.24855 
3.25125 
3.25395 
3.25665 
3.25935 
3.26206 
3.26477 
3.26748 
3.27019 
3.2729 
3.27562 
3.27833 
3.28105 
3.28378 
3.2865 
3.28923 
3.29196 
3.29469 
3.29742 
3.30015 
3.30289 
3.30563 
3.30837 
3.31111 
3.31386 
3.31661 
3.31935 
3.32211 
3.32486 
3.32761 
3.33037 
3.33313 
3.33589 
3.33866 
3.34142 
3.34419 
3.34696 
3.34973 
3.35251 
3.35529 
3.35806 
3.36084 
3.36363 
3.36641 
3.3692 
3.37199 
3.37478 
3.37757 
3.38037 
3.38317 
3.38597 
3.38877 
3.39157 
3.39438 
3.39719 
3.4 
3.40281 
3.40562 
3.40844 
3.41126 
3.41408 
3.4169 
3.41973 
3.42255 
3.42538 
3.42822 
3.43105 
3.43389 
3.43672 
3.43956 
3.44241 
3.44525 
3.4481 
3.45094 
3.4538 
3.45665 
3.4595 
3.46236 
3.46522 
3.46808 
3.47094 
3.47381 
3.47668 
3.47955 
3.48242 
3.48529 
3.48817 
3.49105 
3.49393 
3.49681 
3.4997 
3.50259 
3.50548 
3.50837 
3.51126 
3.51416 
3.51705 
3.51995 
3.52286 
3.52576 
3.52867 
3.53158 
3.53449 
3.5374 
3.54032 
3.54323 
3.54615 
3.54908 
3.552 
3.55493 
3.55785 
3.56078 
3.56372 
3.56665 
3.56959 
3.57253 
3.57547 
3.57841 
3.58136 
3.58431 
3.58726 
3.59021 
3.59316 
3.59612 
3.59908 
3.60204 
3.605 
3.60797 
3.61094 
3.61391 
3.61688 
3.61985 
3.62283 
3.62581 
3.62879 
3.63177 
3.63476 
3.63775 
3.64073 
3.64373 
3.64672 
3.64972 
3.65272 
3.65572 
3.65872 
3.66172 
3.66473 
3.66774 
3.67075 
3.67377 
3.67678 
3.6798 
3.68282 
3.68584 
3.68887 
3.6919 
3.69493 
3.69796 
3.70099 
3.70403 
3.70707 
3.71011 
3.71315 
3.7162 
3.71924 
3.72229 
3.72534 
3.7284 
3.73145 
3.73451 
3.73757 
3.74064 
3.7437 
3.74677 
3.74984 
3.75291 
3.75598 
3.75906 
3.76214 
3.76522 
3.7683 
3.77139 
3.77448 
3.77757 
3.78066 
3.78375 
3.78685 
3.78995 
3.79305 
3.79615 
3.79926 
3.80237 
3.80548 
3.80859 
3.8117 
3.81482 
3.81794 
3.82106 
3.82418 
3.82731 
3.83044 
3.83357 
3.8367 
3.83984 
3.84297 
3.84611 
3.84926 
3.8524 
3.85555 
3.85869 
3.86185 
3.865 
3.86815 
3.87131 
3.87447 
3.87763 
3.8808 
3.88397 
3.88714 
3.89031 
3.89348 
3.89666 
3.89984 
3.90302 
3.9062 
3.90938 
3.91257 
3.91576 
3.91895 
3.92215 
3.92534 
3.92854 
3.93174 
3.93495 
3.93815 
3.94136 
3.94457 
3.94779 
3.951 
3.95422 
3.95744 
3.96066 
3.96388 
3.96711 
3.97034 
3.97357 
3.97681 
3.98004 
3.98328 
3.98652 
3.98976 
3.99301 
3.99626 
3.99951 
4.00276 
4.00601 
4.00927 
4.01253 
4.01579 
4.01905 
4.02232 
4.02559 
4.02886 
4.03213 
4.03541 
4.03869 
4.04197 
4.04525 
4.04853 
4.05182 
4.05511 
4.0584 
4.0617 
4.06499 
4.06829 
4.07159 
4.0749 
4.0782 
4.08151 
4.08482 
4.08813 
4.09145 
4.09477 
4.09809 
4.10141 
4.10473 
4.10806 
4.11139 
4.11472 
4.11806 
4.12139 
4.12473 
4.12807 
4.13142 
4.13476 
4.13811 
4.14146 
4.14482 
4.14817 
4.15153 
4.15489 
4.15825 
4.16162 
4.16498 
4.16835 
4.17173 
4.1751 
4.17848 
4.18186 
4.18524 
4.18862 
4.19201 
4.1954 
4.19879 
4.20218 
4.20558 
4.20898 
4.21238 
4.21578 
4.21918 
4.22259 
4.226 
4.22942 
4.23283 
4.23625 
4.23967 
4.24309 
4.24651 
4.24994 
4.25337 
4.2568 
4.26024 
4.26367 
4.26711 
4.27055 
4.274 
4.27744 
4.28089 
4.28434 
4.2878 
4.29125 
4.29471 
4.29817 
4.30164 
4.3051 
4.30857 
4.31204 
4.31551 
4.31899 
4.32247 
4.32595 
4.32943 
4.33291 
4.3364 
4.33989 
4.34338 
4.34688 
4.35038 
4.35387 
4.35738 
4.36088 
4.36439 
4.3679 
4.37141 
4.37492 
4.37844 
4.38196 
4.38548 
4.389 
4.39253 
4.39606 
4.39959 
4.40313 
4.40666 
4.4102 
4.41374 
4.41728 
4.42083 
4.42438 
4.42793 
4.43148 
4.43504 
4.4386 
4.44216 
4.44572 
4.44929 
4.45286 
4.45643 
4.46 
4.46357 
4.46715 
4.47073 
4.47432 
4.4779 
4.48149 
4.48508 
4.48867 
4.49227 
4.49587 
4.49947 
4.50307 
4.50667 
4.51028 
4.51389 
4.51751 
4.52112 
4.52474 
4.52836 
4.53198 
4.53561 
4.53923 
4.54286 
4.5465 
4.55013 
4.55377 
4.55741 
4.56105 
4.5647 
4.56834 
4.57199 
4.57565 
4.5793 
4.58296 
4.58662 
4.59028 
4.59395 
4.59762 
4.60129 
4.60496 
4.60863 
4.61231 
4.61599 
4.61967 
4.62336 
4.62705 
4.63074 
4.63443 
4.63813 
4.64182 
4.64552 
4.64923 
4.65293 
4.65664 
4.66035 
4.66406 
4.66778 
4.6715 
4.67522 
4.67894 
4.68267 
4.68639 
4.69012 
4.69386 
4.69759 
4.70133 
4.70507 
4.70882 
4.71256 
4.71631 
4.72006 
4.72381 
4.72757 
4.73133 
4.73509 
4.73885 
4.74262 
4.74639 
4.75016 
4.75393 
4.75771 
4.76149 
4.76527 
4.76906 
4.77284 
4.77663 
4.78042 
4.78422 
4.78802 
4.79181 
4.79562 
4.79942 
4.80323 
4.80704 
4.81085 
4.81467 
4.81848 
4.8223 
4.82613 
4.82995 
4.83378 
4.83761 
4.84144 
4.84528 
4.84912 
4.85296 
4.8568 
4.86065 
4.86449 
4.86835 
4.8722 
4.87606 
4.87991 
4.88378 
4.88764 
4.89151 
4.89538 
4.89925 
4.90312 
4.907 
4.91088 
4.91476 
4.91865 
4.92253 
4.92642 
4.93032 
4.93421 
4.93811 
4.94201 
4.94591 
4.94982 
4.95373 
4.95764 
4.96155 
4.96547 
4.96938 
4.97331 
4.97723 
4.98116 
4.98509 
4.98902 
4.99295 
4.99689 
5.00083 
5.00477 
5.00872 
5.01266 
5.01661 
5.02057 
5.02452 
5.02848 
5.03244 
5.0364 
5.04037 
5.04434 
5.04831 
5.05228 
5.05626 
5.06024 
5.06422 
5.06821 
5.07219 
5.07618 
5.08018 
5.08417 
5.08817 
5.09217 
5.09617 
5.10018 
5.10419 
5.1082 
5.11221 
5.11623 
5.12025 
5.12427 
5.12829 
5.13232 
5.13635 
5.14038 
5.14441 
5.14845 
5.15249 
5.15654 
5.16058 
5.16463 
5.16868 
5.17273 
5.17679 
5.18085 
5.18491 
5.18897 
5.19304 
5.19711 
5.20118 
5.20526 
5.20934 
5.21342 
5.2175 
5.22159 
5.22567 
5.22977 
5.23386 
5.23796 
5.24206 
5.24616 
5.25026 
5.25437 
5.25848 
5.26259 
5.26671 
5.27083 
5.27495 
5.27907 
5.2832 
5.28732 
5.29146 
5.29559 
5.29973 
5.30387 
5.30801 
5.31215 
5.3163 
5.32045 
5.32461 
5.32876 
5.33292 
5.33708 
5.34125 
5.34541 
5.34958 
5.35376 
5.35793 
5.36211 
5.36629 
5.37047 
5.37466 
5.37885 
5.38304 
5.38723 
5.39143 
5.39563 
5.39983 
5.40404 
5.40824 
5.41245 
5.41667 
5.42088 
5.4251 
5.42932 
5.43355 
5.43778 
5.44201 
5.44624 
5.45047 
5.45471 
5.45895 
5.4632 
5.46744 
5.47169 
5.47594 
5.4802 
5.48445 
5.48871 
5.49298 
5.49724 
5.50151 
5.50578 
5.51006 
5.51433 
5.51861 
5.5229 
5.52718 
5.53147 
5.53576 
5.54005 
5.54435 
5.54865 
5.55295 
5.55725 
5.56156 
5.56587 
5.57018 
5.5745 
5.57882 
5.58314 
5.58746 
5.59179 
5.59612 
5.60045 
5.60478 
5.60912 
5.61346 
5.61781 
5.62215 
5.6265 
5.63085 
5.63521 
5.63956 
5.64393 
5.64829 
5.65265 
5.65702 
5.66139 
5.66577 
5.67015 
5.67452 
5.67891 
5.68329 
5.68768 
5.69207 
5.69647 
5.70086 
5.70526 
5.70966 
5.71407 
5.71848 
5.72289 
5.7273 
5.73172 
5.73614 
5.74056 
5.74499 
5.74941 
5.75384 
5.75828 
5.76271 
5.76715 
5.77159 
5.77604 
5.78049 
5.78494 
5.78939 
5.79385 
5.79831 
5.80277 
5.80723 
5.8117 
5.81617 
5.82064 
5.82512 
5.8296 
5.83408 
5.83856 
5.84305 
5.84754 
5.85203 
5.85653 
5.86103 
5.86553 
5.87004 
5.87454 
5.87905 
5.88357 
5.88808 
5.8926 
5.89712 
5.90165 
5.90618 
5.91071 
5.91524 
5.91977 
5.92431 
5.92886 
5.9334 
5.93795 
5.9425 
5.94705 
5.95161 
5.95617 
5.96073 
5.96529 
5.96986 
5.97443 
5.97901 
5.98358 
5.98816 
5.99274 
5.99733 
6.00192 
6.00651 
6.0111 
6.0157 
6.0203 
6.0249 
6.02951 
6.03411 
6.03873 
6.04334 
6.04796 
6.05258 
6.0572 
6.06183 
6.06645 
6.07109 
6.07572 
6.08036 
6.085 
6.08964 
6.09429 
6.09894 
6.10359 
6.10824 
6.1129 
6.11756 
6.12223 
6.12689 
6.13156 
6.13623 
6.14091 
6.14559 
6.15027 
6.15495 
6.15964 
6.16433 
6.16902 
6.17372 
6.17842 
6.18312 
6.18783 
6.19253 
6.19724 
6.20196 
6.20667 
6.21139 
6.21612 
6.22084 
6.22557 
6.2303 
6.23503 
6.23977 
6.24451 
6.24925 
6.254 
6.25875 
6.2635 
6.26826 
6.27301 
6.27778 
6.28254 
6.28731 
6.29208 
6.29685 
6.30162 
6.3064 
6.31118 
6.31597 
6.32076 
6.32555 
6.33034 
6.33514 
6.33994 
6.34474 
6.34955 
6.35435 
6.35917 
6.36398 
6.3688 
6.37362 
6.37844 
6.38327 
6.3881 
6.39293 
6.39776 
6.4026 
6.40744 
6.41229 
6.41714 
6.42199 
6.42684 
6.4317 
6.43655 
6.44142 
6.44628 
6.45115 
6.45602 
6.4609 
6.46577 
6.47065 
6.47554 
6.48042 
6.48531 
6.49021 
6.4951 
6.5 
6.5049 
6.50981 
6.51471 
6.51962 
6.52454 
6.52945 
6.53437 
6.5393 
6.54422 
6.54915 
6.55408 
6.55902 
6.56396 
6.5689 
6.57384 
6.57879 
6.58374 
6.58869 
6.59365 
6.59861 
6.60357 
6.60853 
6.6135 
6.61847 
6.62345 
6.62842 
6.6334 
6.63839 
6.64337 
6.64836 
6.65336 
6.65835 
6.66335 
6.66835 
6.67336 
6.67837 
6.68338 
6.68839 
6.69341 
6.69843 
6.70345 
6.70848 
6.71351 
6.71854 
6.72358 
6.72861 
6.73366 
6.7387 
6.74375 
6.7488 
6.75385 
6.75891 
6.76397 
6.76903 
6.7741 
6.77917 
6.78424 
6.78932 
6.7944 
6.79948 
6.80456 
6.80965 
6.81474 
6.81984 
6.82493 
6.83004 
6.83514 
6.84025 
6.84536 
6.85047 
6.85558 
6.8607 
6.86582 
6.87095 
6.87608 
6.88121 
6.88634 
6.89148 
6.89662 
6.90177 
6.90691 
6.91206 
6.91722 
6.92237 
6.92753 
6.9327 
6.93786 
6.94303 
6.9482 
6.95338 
6.95856 
6.96374 
6.96892 
6.97411 
6.9793 
6.98449 
6.98969 
6.99489 
7.00009 
7.0053 
7.01051 
7.01572 
7.02094 
7.02616 
7.03138 
7.03661 
7.04183 
7.04707 
7.0523 
7.05754 
7.06278 
7.06802 
7.07327 
7.07852 
7.08378 
7.08903 
7.09429 
7.09956 
7.10482 
7.11009 
7.11536 
7.12064 
7.12592 
7.1312 
7.13649 
7.14178 
7.14707 
7.15236 
7.15766 
7.16296 
7.16827 
7.17357 
7.17888 
7.1842 
7.18952 
7.19484 
7.20016 
7.20549 
7.21082 
7.21615 
7.22148 
7.22682 
7.23217 
7.23751 
7.24286 
7.24821 
7.25357 
7.25893 
7.26429 
7.26966 
7.27502 
7.28039 
7.28577 
7.29115 
7.29653 
7.30191 
7.3073 
7.31269 
7.31808 
7.32348 
7.32888 
7.33429 
7.33969 
7.3451 
7.35052 
7.35593 
7.36135 
7.36677 
7.3722 
7.37763 
7.38306 
7.3885 
7.39394 
7.39938 
7.40483 
7.41027 
7.41573 
7.42118 
7.42664 
7.4321 
7.43757 
7.44303 
7.44851 
7.45398 
7.45946 
7.46494 
7.47042 
7.47591 
7.4814 
7.4869 
7.49239 
7.49789 
7.5034 
7.5089 
7.51442 
7.51993 
7.52545 
7.53097 
7.53649 
7.54202 
7.54755 
7.55308 
7.55862 
7.56416 
7.5697 
7.57524 
7.58079 
7.58635 
7.5919 
7.59746 
7.60303 
7.60859 
7.61416 
7.61973 
7.62531 
7.63089 
7.63647 
7.64206 
7.64764 
7.65324 
7.65883 
7.66443 
7.67003 
7.67564 
7.68125 
7.68686 
7.69247 
7.69809 
7.70372 
7.70934 
7.71497 
7.7206 
7.72624 
7.73187 
7.73752 
7.74316 
7.74881 
7.75446 
7.76012 
7.76577 
7.77144 
7.7771 
7.78277 
7.78844 
7.79412 
7.79979 
7.80547 
7.81116 
7.81685 
7.82254 
7.82823 
7.83393 
7.83963 
7.84534 
7.85105 
7.85676 
7.86247 
7.86819 
7.87391 
7.87964 
7.88537 
7.8911 
7.89683 
7.90257 
7.90831 
7.91406 
7.9198 
7.92556 
7.93131 
7.93707 
7.94283 
7.9486 
7.95436 
7.96014 
7.96591 
7.97169 
7.97747 
7.98326 
7.98904 
7.99484 
8.00063 
8.00643 
8.01223 
8.01804 
8.02385 
8.02966 
8.03547 
8.04129 
8.04711 
8.05294 
8.05877 
8.0646 
8.07044 
8.07628 
8.08212 
8.08796 
8.09381 
8.09967 
8.10552 
8.11138 
8.11724 
8.12311 
8.12898 
8.13485 
8.14073 
8.14661 
8.15249 
8.15838 
8.16427 
8.17016 
8.17606 
8.18196 
8.18786 
8.19377 
8.19968 
8.20559 
8.21151 
8.21743 
8.22336 
8.22928 
8.23521 
8.24115 
8.24709 
8.25303 
8.25897 
8.26492 
8.27087 
8.27683 
8.28278 
8.28874 
8.29471 
8.30068 
8.30665 
8.31263 
8.3186 
8.32459 
8.33057 
8.33656 
8.34255 
8.34855 
8.35455 
8.36055 
8.36656 
8.37257 
8.37858 
8.3846 
8.39062 
8.39664 
8.40267 
8.4087 
8.41473 
8.42077 
8.42681 
8.43286 
8.4389 
8.44496 
8.45101 
8.45707 
8.46313 
8.4692 
8.47526 
8.48134 
8.48741 
8.49349 
8.49957 
8.50566 
8.51175 
8.51784 
8.52394 
8.53004 
8.53614 
8.54225 
8.54836 
8.55447 
8.56059 
8.56671 
8.57283 
8.57896 
8.58509 
8.59123 
8.59737 
8.60351 
8.60965 
8.6158 
8.62195 
8.62811 
8.63427 
8.64043 
8.6466 
8.65277 
8.65894 
8.66512 
8.6713 
8.67748 
8.68367 
8.68986 
8.69605 
8.70225 
8.70845 
8.71466 
8.72086 
8.72708 
8.73329 
8.73951 
8.74573 
8.75196 
8.75819 
8.76442 
8.77066 
8.7769 
8.78314 
8.78939 
8.79564 
8.80189 
8.80815 
8.81441 
8.82068 
8.82695 
8.83322 
8.83949 
8.84577 
8.85205 
8.85834 
8.86463 
8.87092 
8.87722 
8.88352 
8.88982 
8.89613 
8.90244 
8.90876 
8.91507 
8.9214 
8.92772 
8.93405 
8.94038 
8.94672 
8.95306 
8.9594 
8.96575 
8.9721 
8.97845 
8.98481 
8.99117 
8.99753 
9.0039 
9.01027 
9.01665 
9.02303 
9.02941 
9.0358 
9.04219 
9.04858 
9.05498 
9.06138 
9.06778 
9.07419 
9.0806 
9.08701 
9.09343 
9.09985 
9.10628 
9.11271 
9.11914 
9.12558 
9.13202 
9.13846 
9.14491 
9.15136 
9.15781 
9.16427 
9.17073 
9.1772 
9.18366 
9.19014 
9.19661 
9.20309 
9.20958 
9.21606 
9.22255 
9.22905 
9.23555 
9.24205 
9.24855 
9.25506 
9.26157 
9.26809 
9.27461 
9.28113 
9.28766 
9.29419 
9.30072 
9.30726 
9.3138 
9.32035 
9.32689 
9.33345 
9.34 
9.34656 
9.35313 
9.35969 
9.36626 
9.37284 
9.37941 
9.386 
9.39258 
9.39917 
9.40576 
9.41236 
9.41896 
9.42556 
9.43217 
9.43878 
9.44539 
9.45201 
9.45863 
9.46526 
9.47189 
9.47852 
9.48516 
9.4918 
9.49844 
9.50509 
9.51174 
9.51839 
9.52505 
9.53171 
9.53838 
9.54505 
9.55172 
9.5584 
9.56508 
9.57177 
9.57845 
9.58515 
9.59184 
9.59854 
9.60524 
9.61195 
9.61866 
9.62537 
9.63209 
9.63881 
9.64554 
9.65227 
9.659 
9.66573 
9.67247 
9.67922 
9.68597 
9.69272 
9.69947 
9.70623 
9.71299 
9.71976 
9.72653 
9.7333 
9.74008 
9.74686 
9.75364 
9.76043 
9.76722 
9.77402 
9.78082 
9.78762 
9.79443 
9.80124 
9.80805 
9.81487 
9.82169 
9.82852 
9.83535 
9.84218 
9.84902 
9.85586 
9.8627 
9.86955 
9.8764 
9.88326 
9.89012 
9.89698 
9.90385 
9.91072 
9.91759 
9.92447 
9.93135 
9.93824 
9.94513 
9.95202 
9.95892 
9.96582 
9.97272 
9.97963 
9.98654 
9.99346 
10.0004 
10.0073 
10.0142 
10.0212 
10.0281 
10.035 
10.042 
10.0489 
10.0559 
10.0628 
10.0698 
10.0767 
10.0837 
10.0907 
10.0977 
10.1046 
10.1116 
10.1186 
10.1256 
10.1326 
10.1396 
10.1466 
10.1536 
10.1606 
10.1676 
10.1746 
10.1816 
10.1886 
10.1957 
10.2027 
10.2097 
10.2168 
10.2238 
10.2309 
10.2379 
10.245 
10.252 
10.2591 
10.2661 
10.2732 
10.2803 
10.2874 
10.2944 
10.3015 
10.3086 
10.3157 
10.3228 
10.3299 
10.337 
10.3441 
10.3512 
10.3583 
10.3654 
10.3726 
10.3797 
10.3868 
10.3939 
10.4011 
10.4082 
10.4154 
10.4225 
10.4297 
10.4368 
10.444 
10.4512 
10.4583 
10.4655 
10.4727 
10.4798 
10.487 
10.4942 
10.5014 
10.5086 
10.5158 
10.523 
10.5302 
10.5374 
10.5446 
10.5519 
10.5591 
10.5663 
10.5735 
10.5808 
10.588 
10.5952 
10.6025 
10.6097 
10.617 
10.6243 
10.6315 
10.6388 
10.646 
10.6533 
10.6606 
10.6679 
10.6752 
10.6825 
10.6897 
10.697 
10.7043 
10.7116 
10.719 
10.7263 
10.7336 
10.7409 
10.7482 
10.7556 
10.7629 
10.7702 
10.7776 
10.7849 
10.7922 
10.7996 
10.807 
10.8143 
10.8217 
10.829 
10.8364 
10.8438 
10.8512 
10.8586 
10.8659 
10.8733 
10.8807 
10.8881 
10.8955 
10.9029 
10.9103 
10.9178 
10.9252 
10.9326 
10.94 
10.9475 
10.9549 
10.9623 
10.9698 
10.9772 
10.9847 
10.9921 
10.9996 
11.007 
11.0145 
11.022 
11.0294 
11.0369 
11.0444 
11.0519 
11.0594 
11.0669 
11.0744 
11.0819 
11.0894 
11.0969 
11.1044 
11.1119 
11.1194 
11.127 
11.1345 
11.142 
11.1496 
11.1571 
11.1646 
11.1722 
11.1798 
11.1873 
11.1949 
11.2024 
11.21 
11.2176 
11.2252 
11.2327 
11.2403 
11.2479 
11.2555 
11.2631 
11.2707 
11.2783 
11.2859 
11.2935 
11.3011 
11.3088 
11.3164 
11.324 
11.3317 
11.3393 
11.3469 
11.3546 
11.3622 
11.3699 
11.3775 
11.3852 
11.3929 
11.4005 
11.4082 
11.4159 
11.4236 
11.4313 
11.439 
11.4466 
11.4543 
11.462 
11.4698 
11.4775 
11.4852 
11.4929 
11.5006 
11.5083 
11.5161 
11.5238 
11.5315 
11.5393 
11.547 
11.5548 
11.5625 
11.5703 
11.5781 
11.5858 
11.5936 
11.6014 
11.6092 
11.6169 
11.6247 
11.6325 
11.6403 
11.6481 
11.6559 
11.6637 
11.6715 
11.6794 
11.6872 
11.695 
11.7028 
11.7107 
11.7185 
11.7263 
11.7342 
11.742 
11.7499 
11.7577 
11.7656 
11.7735 
11.7813 
11.7892 
11.7971 
11.805 
11.8129 
11.8208 
11.8286 
11.8365 
11.8444 
11.8524 
11.8603 
11.8682 
11.8761 
11.884 
11.8919 
11.8999 
11.9078 
11.9158 
11.9237 
11.9316 
11.9396 
11.9476 
11.9555 
11.9635 
11.9714 
11.9794 
11.9874 
11.9954 
12.0034 
12.0114 
12.0193 
12.0273 
12.0353 
12.0433 
12.0514 
12.0594 
12.0674 
12.0754 
12.0834 
12.0915 
12.0995 
12.1075 
12.1156 
12.1236 
12.1317 
12.1397 
12.1478 
12.1559 
12.1639 
12.172 
12.1801 
12.1882 
12.1962 
12.2043 
12.2124 
12.2205 
12.2286 
12.2367 
12.2448 
12.253 
12.2611 
12.2692 
12.2773 
12.2855 
12.2936 
12.3017 
12.3099 
12.318 
12.3262 
12.3343 
12.3425 
12.3507 
12.3588 
12.367 
12.3752 
12.3834 
12.3915 
12.3997 
12.4079 
12.4161 
12.4243 
12.4325 
12.4408 
12.449 
12.4572 
12.4654 
12.4736 
12.4819 
12.4901 
12.4983 
12.5066 
12.5148 
12.5231 
12.5314 
12.5396 
12.5479 
12.5561 
12.5644 
12.5727 
12.581 
12.5893 
12.5976 
12.6059 
12.6142 
12.6225 
12.6308 
12.6391 
12.6474 
12.6557 
12.6641 
12.6724 
12.6807 
12.6891 
12.6974 
12.7057 
12.7141 
12.7224 
12.7308 
12.7392 
12.7475 
12.7559 
12.7643 
12.7727 
12.7811 
12.7894 
12.7978 
12.8062 
12.8146 
12.823 
12.8315 
12.8399 
12.8483 
12.8567 
12.8651 
12.8736 
12.882 
12.8905 
12.8989 
12.9074 
12.9158 
12.9243 
12.9327 
12.9412 
12.9497 
12.9581 
12.9666 
12.9751 
12.9836 
12.9921 
13.0006 
13.0091 
13.0176 
13.0261 
13.0346 
13.0431 
13.0517 
13.0602 
13.0687 
13.0773 
13.0858 
13.0943 
13.1029 
13.1114 
13.12 
13.1286 
13.1371 
13.1457 
13.1543 
13.1629 
13.1714 
13.18 
13.1886 
13.1972 
13.2058 
13.2144 
13.223 
13.2316 
13.2403 
13.2489 
13.2575 
13.2661 
13.2748 
13.2834 
13.2921 
13.3007 
13.3094 
13.318 
13.3267 
13.3354 
13.344 
13.3527 
13.3614 
13.3701 
13.3788 
13.3875 
13.3961 
13.4049 
13.4136 
13.4223 
13.431 
13.4397 
13.4484 
13.4572 
13.4659 
13.4746 
13.4834 
13.4921 
13.5009 
13.5096 
13.5184 
13.5271 
13.5359 
13.5447 
13.5535 
13.5622 
13.571 
13.5798 
13.5886 
13.5974 
13.6062 
13.615 
13.6238 
13.6326 
13.6415 
13.6503 
13.6591 
13.668 
13.6768 
13.6856 
13.6945 
13.7033 
13.7122 
13.7211 
13.7299 
13.7388 
13.7477 
13.7565 
13.7654 
13.7743 
13.7832 
13.7921 
13.801 
13.8099 
13.8188 
13.8277 
13.8366 
13.8456 
13.8545 
13.8634 
13.8724 
13.8813 
13.8902 
13.8992 
13.9082 
13.9171 
13.9261 
13.935 
13.944 
13.953 
13.962 
13.971 
13.9799 
13.9889 
13.9979 
14.0069 
14.016 
14.025 
14.034 
14.043 
14.052 
14.0611 
14.0701 
14.0791 
14.0882 
14.0972 
14.1063 
14.1153 
14.1244 
14.1335 
14.1425 
14.1516 
14.1607 
14.1698 
14.1789 
14.188 
14.1971 
14.2062 
14.2153 
14.2244 
14.2335 
14.2426 
14.2517 
14.2609 
14.27 
14.2791 
14.2883 
14.2974 
14.3066 
14.3157 
14.3249 
14.3341 
14.3432 
14.3524 
14.3616 
14.3708 
14.38 
14.3892 
14.3984 
14.4076 
14.4168 
14.426 
14.4352 
14.4444 
14.4536 
14.4629 
14.4721 
14.4813 
14.4906 
14.4998 
14.5091 
14.5183 
14.5276 
14.5369 
14.5461 
14.5554 
14.5647 
14.574 
14.5833 
14.5926 
14.6019 
14.6112 
14.6205 
14.6298 
14.6391 
14.6484 
14.6577 
14.6671 
14.6764 
14.6858 
14.6951 
14.7044 
14.7138 
14.7232 
14.7325 
14.7419 
14.7513 
14.7606 
14.77 
14.7794 
14.7888 
14.7982 
14.8076 
14.817 
14.8264 
14.8358 
14.8452 
14.8546 
14.8641 
14.8735 
14.8829 
14.8924 
14.9018 
14.9113 
14.9207 
14.9302 
14.9397 
14.9491 
14.9586 
14.9681 
14.9776 
14.987 
14.9965 
15.006 
15.0155 
15.025 
15.0346 
15.0441 
15.0536 
15.0631 
15.0726 
15.0822 
15.0917 
15.1013 
15.1108 
15.1204 
15.1299 
15.1395 
15.149 
15.1586 
15.1682 
15.1778 
15.1874 
15.1969 
15.2065 
15.2161 
15.2257 
15.2354 
15.245 
15.2546 
15.2642 
15.2738 
15.2835 
15.2931 
15.3027 
15.3124 
15.322 
15.3317 
15.3414 
15.351 
15.3607 
15.3704 
15.38 
15.3897 
15.3994 
15.4091 
15.4188 
15.4285 
15.4382 
15.4479 
15.4576 
15.4674 
15.4771 
15.4868 
15.4966 
15.5063 
15.516 
15.5258 
15.5355 
15.5453 
15.5551 
15.5648 
15.5746 
15.5844 
15.5942 
15.604 
15.6137 
15.6235 
15.6333 
15.6432 
15.653 
15.6628 
15.6726 
15.6824 
15.6923 
15.7021 
15.7119 
15.7218 
15.7316 
15.7415 
15.7513 
15.7612 
15.7711 
15.7809 
15.7908 
15.8007 
15.8106 
15.8205 
15.8304 
15.8403 
15.8502 
15.8601 
15.87 
15.8799 
15.8899 
15.8998 
15.9097 
15.9197 
15.9296 
15.9396 
15.9495 
15.9595 
15.9694 
15.9794 
15.9894 
15.9994 
16.0093 
16.0193 
16.0293 
16.0393 
16.0493 
16.0593 
16.0693 
16.0794 
16.0894 
16.0994 
16.1094 
16.1195 
16.1295 
16.1396 
16.1496 
16.1597 
16.1697 
16.1798 
16.1899 
16.1999 
16.21 
16.2201 
16.2302 
16.2403 
16.2504 
16.2605 
16.2706 
16.2807 
16.2908 
16.3009 
16.3111 
16.3212 
16.3313 
16.3415 
16.3516 
16.3618 
16.3719 
16.3821 
16.3923 
16.4024 
16.4126 
16.4228 
16.433 
16.4432 
16.4534 
16.4636 
16.4738 
16.484 
16.4942 
16.5044 
16.5146 
16.5249 
16.5351 
16.5453 
16.5556 
16.5658 
16.5761 
16.5864 
16.5966 
16.6069 
16.6172 
16.6274 
16.6377 
16.648 
16.6583 
16.6686 
16.6789 
16.6892 
16.6995 
16.7098 
16.7202 
16.7305 
16.7408 
16.7512 
16.7615 
16.7719 
16.7822 
16.7926 
16.8029 
16.8133 
16.8237 
16.834 
16.8444 
16.8548 
16.8652 
16.8756 
16.886 
16.8964 
16.9068 
16.9172 
16.9277 
16.9381 
16.9485 
16.9589 
16.9694 
16.9798 
16.9903 
17.0007 
17.0112 
17.0217 
17.0321 
17.0426 
17.0531 
17.0636 
17.0741 
17.0846 
17.0951 
17.1056 
17.1161 
17.1266 
17.1371 
17.1476 
17.1582 
17.1687 
17.1792 
17.1898 
17.2003 
17.2109 
17.2215 
17.232 
17.2426 
17.2532 
17.2637 
17.2743 
17.2849 
17.2955 
17.3061 
17.3167 
17.3273 
17.3379 
17.3486 
17.3592 
17.3698 
17.3805 
17.3911 
17.4017 
17.4124 
17.423 
17.4337 
17.4444 
17.455 
17.4657 
17.4764 
17.4871 
17.4978 
17.5085 
17.5192 
17.5299 
17.5406 
17.5513 
17.562 
17.5727 
17.5835 
17.5942 
17.6049 
17.6157 
17.6264 
17.6372 
17.648 
17.6587 
17.6695 
17.6803 
17.6911 
17.7018 
17.7126 
17.7234 
17.7342 
17.745 
17.7558 
17.7667 
17.7775 
17.7883 
17.7991 
17.81 
17.8208 
17.8317 
17.8425 
17.8534 
17.8642 
17.8751 
17.886 
17.8968 
17.9077 
17.9186 
17.9295 
17.9404 
17.9513 
17.9622 
17.9731 
17.984 
17.995 
18.0059 
18.0168 
18.0278 
18.0387 
18.0497 
18.0606 
18.0716 
18.0825 
18.0935 
18.1045 
18.1155 
18.1264 
18.1374 
18.1484 
18.1594 
18.1704 
18.1814 
18.1924 
18.2035 
18.2145 
18.2255 
18.2366 
18.2476 
18.2586 
18.2697 
18.2807 
18.2918 
18.3029 
18.3139 
18.325 
18.3361 
18.3472 
18.3583 
18.3694 
18.3805 
18.3916 
18.4027 
18.4138 
18.4249 
18.4361 
18.4472 
18.4583 
18.4695 
18.4806 
18.4918 
18.5029 
18.5141 
18.5253 
18.5364 
18.5476 
18.5588 
18.57 
18.5812 
18.5924 
18.6036 
18.6148 
18.626 
18.6372 
18.6485 
18.6597 
18.6709 
18.6822 
18.6934 
18.7047 
18.7159 
18.7272 
18.7385 
18.7497 
18.761 
18.7723 
18.7836 
18.7949 
18.8062 
18.8175 
18.8288 
18.8401 
18.8514 
18.8627 
18.8741 
18.8854 
18.8968 
18.9081 
18.9194 
18.9308 
18.9422 
18.9535 
18.9649 
18.9763 
18.9877 
18.999 
19.0104 
19.0218 
19.0332 
19.0447 
19.0561 
19.0675 
19.0789 
19.0903 
19.1018 
19.1132 
19.1247 
19.1361 
19.1476 
19.159 
19.1705 
19.182 
19.1934 
19.2049 
19.2164 
19.2279 
19.2394 
19.2509 
19.2624 
19.2739 
19.2854 
19.297 
19.3085 
19.32 
19.3316 
19.3431 
19.3547 
19.3662 
19.3778 
19.3893 
19.4009 
19.4125 
19.4241 
19.4357 
19.4473 
19.4589 
19.4705 
19.4821 
19.4937 
19.5053 
19.5169 
19.5285 
19.5402 
19.5518 
19.5635 
19.5751 
19.5868 
19.5984 
19.6101 
19.6218 
19.6335 
19.6451 
19.6568 
19.6685 
19.6802 
19.6919 
19.7036 
19.7153 
19.7271 
19.7388 
19.7505 
19.7623 
19.774 
19.7857 
19.7975 
19.8093 
19.821 
19.8328 
19.8446 
19.8563 
19.8681 
19.8799 
19.8917 
19.9035 
19.9153 
19.9271 
19.9389 
19.9508 
19.9626 
19.9744 
19.9863 
19.9981 
20.01 
20.0218 
20.0337 
20.0455 
20.0574 
20.0693 
20.0812 
20.093 
20.1049 
20.1168 
20.1287 
20.1406 
20.1526 
20.1645 
20.1764 
20.1883 
20.2003 
20.2122 
20.2242 
20.2361 
20.2481 
20.26 
20.272 
20.284 
20.2959 
20.3079 
20.3199 
20.3319 
20.3439 
20.3559 
20.3679 
20.3799 
20.392 
20.404 
20.416 
20.4281 
20.4401 
20.4521 
20.4642 
20.4763 
20.4883 
20.5004 
20.5125 
20.5246 
20.5366 
20.5487 
20.5608 
20.5729 
20.585 
20.5972 
20.6093 
20.6214 
20.6335 
20.6457 
20.6578 
20.67 
20.6821 
20.6943 
20.7064 
20.7186 
20.7308 
20.7429 
20.7551 
20.7673 
20.7795 
20.7917 
20.8039 
20.8161 
20.8284 
20.8406 
20.8528 
20.865 
20.8773 
20.8895 
20.9018 
20.914 
20.9263 
20.9386 
20.9508 
20.9631 
20.9754 
20.9877 
21 
21.0123 
21.0246 
21.0369 
21.0492 
21.0615 
21.0739 
21.0862 
21.0985 
21.1109 
21.1232 
21.1356 
21.1479 
21.1603 
21.1727 
21.1851 
21.1974 
21.2098 
21.2222 
21.2346 
21.247 
21.2594 
21.2719 
21.2843 
21.2967 
21.3091 
21.3216 
21.334 
21.3465 
21.3589 
21.3714 
21.3838 
21.3963 
21.4088 
21.4213 
21.4338 
21.4463 
21.4588 
21.4713 
21.4838 
21.4963 
21.5088 
21.5213 
21.5339 
21.5464 
21.559 
21.5715 
21.5841 
21.5966 
21.6092 
21.6218 
21.6343 
21.6469 
21.6595 
21.6721 
21.6847 
21.6973 
21.7099 
21.7225 
21.7352 
21.7478 
21.7604 
21.7731 
21.7857 
21.7984 
21.811 
21.8237 
21.8363 
21.849 
21.8617 
21.8744 
21.8871 
21.8998 
21.9125 
21.9252 
21.9379 
21.9506 
21.9633 
21.976 
21.9888 
22.0015 
22.0143 
22.027 
22.0398 
22.0525 
22.0653 
22.0781 
22.0909 
22.1036 
22.1164 
22.1292 
22.142 
22.1548 
22.1677 
22.1805 
22.1933 
22.2061 
22.219 
22.2318 
22.2447 
22.2575 
22.2704 
22.2832 
22.2961 
22.309 
22.3219 
22.3347 
22.3476 
22.3605 
22.3734 
22.3864 
22.3993 
22.4122 
22.4251 
22.438 
22.451 
22.4639 
22.4769 
22.4898 
22.5028 
22.5158 
22.5287 
22.5417 
22.5547 
22.5677 
22.5807 
22.5937 
22.6067 
22.6197 
22.6327 
22.6457 
22.6588 
22.6718 
22.6849 
22.6979 
22.711 
22.724 
22.7371 
22.7501 
22.7632 
22.7763 
22.7894 
22.8025 
22.8156 
22.8287 
22.8418 
22.8549 
22.868 
22.8812 
22.8943 
22.9074 
22.9206 
22.9337 
22.9469 
22.96 
22.9732 
22.9864 
22.9996 
23.0127 
23.0259 
23.0391 
23.0523 
23.0655 
23.0788 
23.092 
23.1052 
23.1184 
23.1317 
23.1449 
23.1582 
23.1714 
23.1847 
23.1979 
23.2112 
23.2245 
23.2378 
23.2511 
23.2644 
23.2777 
23.291 
23.3043 
23.3176 
23.3309 
23.3442 
23.3576 
23.3709 
23.3843 
23.3976 
23.411 
23.4243 
23.4377 
23.4511 
23.4645 
23.4779 
23.4912 
23.5046 
23.5181 
23.5315 
23.5449 
23.5583 
23.5717 
23.5852 
23.5986 
23.6121 
23.6255 
23.639 
23.6524 
23.6659 
23.6794 
23.6928 
23.7063 
23.7198 
23.7333 
23.7468 
23.7603 
23.7739 
23.7874 
23.8009 
23.8144 
23.828 
23.8415 
23.8551 
23.8686 
23.8822 
23.8958 
23.9093 
23.9229 
23.9365 
23.9501 
23.9637 
23.9773 
23.9909 
24.0045 
24.0181 
24.0318 
24.0454 
24.059 
24.0727 
24.0863 
24.1 
24.1137 
24.1273 
24.141 
24.1547 
24.1684 
24.1821 
24.1958 
24.2095 
24.2232 
24.2369 
24.2506 
24.2643 
24.2781 
24.2918 
24.3056 
24.3193 
24.3331 
24.3468 
24.3606 
24.3744 
24.3882 
24.402 
24.4157 
24.4295 
24.4433 
24.4572 
24.471 
24.4848 
24.4986 
24.5125 
24.5263 
24.5401 
24.554 
24.5679 
24.5817 
24.5956 
24.6095 
24.6234 
24.6372 
24.6511 
24.665 
24.6789 
24.6929 
24.7068 
24.7207 
24.7346 
24.7486 
24.7625 
24.7765 
24.7904 
24.8044 
24.8183 
24.8323 
24.8463 
24.8603 
24.8743 
24.8883 
24.9023 
24.9163 
24.9303 
24.9443 
24.9583 
24.9724 
24.9864 
25.0004 
25.0145 
25.0285 
25.0426 
25.0567 
25.0708 
25.0848 
25.0989 
25.113 
25.1271 
25.1412 
25.1553 
25.1694 
25.1836 
25.1977 
25.2118 
25.226 
25.2401 
25.2543 
25.2684 
25.2826 
25.2968 
25.3109 
25.3251 
25.3393 
25.3535 
25.3677 
25.3819 
25.3961 
25.4103 
25.4246 
25.4388 
25.453 
25.4673 
25.4815 
25.4958 
25.51 
25.5243 
25.5386 
25.5529 
25.5671 
25.5814 
25.5957 
25.61 
25.6244 
25.6387 
25.653 
25.6673 
25.6817 
25.696 
25.7103 
25.7247 
25.7391 
25.7534 
25.7678 
25.7822 
25.7965 
25.8109 
25.8253 
25.8397 
25.8541 
25.8686 
25.883 
25.8974 
25.9118 
25.9263 
25.9407 
25.9552 
25.9696 
25.9841 
25.9986 
26.013 
26.0275 
26.042 
26.0565 
26.071 
26.0855 
26.1 
26.1145 
26.1291 
26.1436 
26.1581 
26.1727 
26.1872 
26.2018 
26.2163 
26.2309 
26.2455 
26.26 
26.2746 
26.2892 
26.3038 
26.3184 
26.333 
26.3477 
26.3623 
26.3769 
26.3915 
26.4062 
26.4208 
26.4355 
26.4501 
26.4648 
26.4795 
26.4942 
26.5088 
26.5235 
26.5382 
26.5529 
26.5676 
26.5824 
26.5971 
26.6118 
26.6265 
26.6413 
26.656 
26.6708 
26.6855 
26.7003 
26.7151 
26.7298 
26.7446 
26.7594 
26.7742 
26.789 
26.8038 
26.8186 
26.8335 
26.8483 
26.8631 
26.878 
26.8928 
26.9077 
26.9225 
26.9374 
26.9523 
26.9671 
26.982 
26.9969 
27.0118 
27.0267 
27.0416 
27.0565 
27.0714 
27.0864 
27.1013 
27.1162 
27.1312 
27.1461 
27.1611 
27.1761 
27.191 
27.206 
27.221 
27.236 
27.251 
27.266 
27.281 
27.296 
27.311 
27.3261 
27.3411 
27.3561 
27.3712 
27.3862 
27.4013 
27.4164 
27.4314 
27.4465 
27.4616 
27.4767 
27.4918 
27.5069 
27.522 
27.5371 
27.5522 
27.5674 
27.5825 
27.5976 
27.6128 
27.6279 
27.6431 
27.6583 
27.6734 
27.6886 
27.7038 
27.719 
27.7342 
27.7494 
27.7646 
27.7798 
27.795 
27.8103 
27.8255 
27.8407 
27.856 
27.8712 
27.8865 
27.9018 
27.917 
27.9323 
27.9476 
27.9629 
27.9782 
27.9935 
28.0088 
28.0241 
28.0395 
28.0548 
28.0701 
28.0855 
28.1008 
28.1162 
28.1315 
28.1469 
28.1623 
28.1777 
28.1931 
28.2085 
28.2239 
28.2393 
28.2547 
28.2701 
28.2855 
28.301 
28.3164 
28.3318 
28.3473 
28.3628 
28.3782 
28.3937 
28.4092 
28.4246 
28.4401 
28.4556 
28.4711 
28.4867 
28.5022 
28.5177 
28.5332 
28.5488 
28.5643 
28.5798 
28.5954 
28.611 
28.6265 
28.6421 
28.6577 
28.6733 
28.6889 
28.7045 
28.7201 
28.7357 
28.7513 
28.7669 
28.7826 
28.7982 
28.8138 
28.8295 
28.8452 
28.8608 
28.8765 
28.8922 
28.9078 
28.9235 
28.9392 
28.9549 
28.9706 
28.9864 
29.0021 
29.0178 
29.0336 
29.0493 
29.065 
29.0808 
29.0966 
29.1123 
29.1281 
29.1439 
29.1597 
29.1755 
29.1913 
29.2071 
29.2229 
29.2387 
29.2545 
29.2704 
29.2862 
29.302 
29.3179 
29.3338 
29.3496 
29.3655 
29.3814 
29.3973 
29.4132 
29.429 
29.445 
29.4609 
29.4768 
29.4927 
29.5086 
29.5246 
29.5405 
29.5565 
29.5724 
29.5884 
29.6044 
29.6203 
29.6363 
29.6523 
29.6683 
29.6843 
29.7003 
29.7163 
29.7324 
29.7484 
29.7644 
29.7805 
29.7965 
29.8126 
29.8286 
29.8447 
29.8608 
29.8768 
29.8929 
29.909 
29.9251 
29.9412 
29.9574 
29.9735 
29.9896 
30.0057 
30.0219 
30.038 
30.0542 
30.0703 
30.0865 
30.1027 
30.1189 
30.135 
30.1512 
30.1674 
30.1836 
30.1999 
30.2161 
30.2323 
30.2485 
30.2648 
30.281 
30.2973 
30.3135 
30.3298 
30.3461 
30.3623 
30.3786 
30.3949 
30.4112 
30.4275 
30.4438 
30.4602 
30.4765 
30.4928 
30.5092 
30.5255 
30.5419 
30.5582 
30.5746 
30.591 
30.6073 
30.6237 
30.6401 
30.6565 
30.6729 
30.6893 
30.7057 
30.7222 
30.7386 
30.755 
30.7715 
30.7879 
30.8044 
30.8209 
30.8373 
30.8538 
30.8703 
30.8868 
30.9033 
30.9198 
30.9363 
30.9528 
30.9694 
30.9859 
31.0024 
31.019 
31.0355 
31.0521 
31.0686 
31.0852 
31.1018 
31.1184 
31.135 
31.1516 
31.1682 
31.1848 
31.2014 
31.218 
31.2347 
31.2513 
31.268 
31.2846 
31.3013 
31.3179 
31.3346 
31.3513 
31.368 
31.3847 
31.4014 
31.4181 
31.4348 
31.4515 
31.4682 
31.485 
31.5017 
31.5185 
31.5352 
31.552 
31.5687 
31.5855 
31.6023 
31.6191 
31.6359 
31.6527 
31.6695 
31.6863 
31.7031 
31.72 
31.7368 
31.7536 
31.7705 
31.7873 
31.8042 
31.8211 
31.8379 
31.8548 
31.8717 
31.8886 
31.9055 
31.9224 
31.9393 
31.9563 
31.9732 
31.9901 
32.0071 
32.024 
32.041 
32.0579 
32.0749 
32.0919 
32.1089 
32.1259 
32.1429 
32.1599 
32.1769 
32.1939 
32.2109 
32.228 
32.245 
32.262 
32.2791 
32.2962 
32.3132 
32.3303 
32.3474 
32.3645 
32.3816 
32.3987 
32.4158 
32.4329 
32.45 
32.4671 
32.4843 
32.5014 
32.5186 
32.5357 
32.5529 
32.57 
32.5872 
32.6044 
32.6216 
32.6388 
32.656 
32.6732 
32.6904 
32.7076 
32.7249 
32.7421 
32.7594 
32.7766 
32.7939 
32.8111 
32.8284 
32.8457 
32.863 
32.8803 
32.8976 
32.9149 
32.9322 
32.9495 
32.9668 
32.9842 
33.0015 
33.0189 
33.0362 
33.0536 
33.0709 
33.0883 
33.1057 
33.1231 
33.1405 
33.1579 
33.1753 
33.1927 
33.2101 
33.2276 
33.245 
33.2625 
33.2799 
33.2974 
33.3148 
33.3323 
33.3498 
33.3673 
33.3848 
33.4023 
33.4198 
33.4373 
33.4548 
33.4723 
33.4899 
33.5074 
33.525 
33.5425 
33.5601 
33.5777 
33.5952 
33.6128 
33.6304 
33.648 
33.6656 
33.6832 
33.7008 
33.7185 
33.7361 
33.7537 
33.7714 
33.789 
33.8067 
33.8244 
33.842 
33.8597 
33.8774 
33.8951 
33.9128 
33.9305 
33.9482 
33.966 
33.9837 
34.0014 
34.0192 
34.0369 
34.0547 
34.0725 
34.0902 
34.108 
34.1258 
34.1436 
34.1614 
34.1792 
34.197 
34.2148 
34.2327 
34.2505 
34.2683 
34.2862 
34.3041 
34.3219 
34.3398 
34.3577 
34.3756 
34.3934 
34.4113 
34.4293 
34.4472 
34.4651 
34.483 
34.501 
34.5189 
34.5368 
34.5548 
34.5728 
34.5907 
34.6087 
34.6267 
34.6447 
34.6627 
34.6807 
34.6987 
34.7167 
34.7347 
34.7528 
34.7708 
34.7889 
34.8069 
34.825 
34.8431 
34.8611 
34.8792 
34.8973 
34.9154 
34.9335 
34.9516 
34.9697 
34.9879 
35.006 
35.0241 
35.0423 
35.0604 
35.0786 
35.0968 
35.115 
35.1331 
35.1513 
35.1695 
35.1877 
35.2059 
35.2242 
35.2424 
35.2606 
35.2789 
35.2971 
35.3154 
35.3336 
35.3519 
35.3702 
35.3885 
35.4067 
35.425 
35.4433 
35.4617 
35.48 
35.4983 
35.5166 
35.535 
35.5533 
35.5717 
35.59 
35.6084 
35.6268 
35.6452 
35.6636 
35.682 
35.7004 
35.7188 
35.7372 
35.7556 
35.7741 
35.7925 
35.8109 
35.8294 
35.8479 
35.8663 
35.8848 
35.9033 
35.9218 
35.9403 
35.9588 
35.9773 
35.9958 
36.0143 
36.0329 
36.0514 
36.07 
36.0885 
36.1071 
36.1257 
36.1442 
36.1628 
36.1814 
36.2 
36.2186 
36.2372 
36.2559 
36.2745 
36.2931 
36.3118 
36.3304 
36.3491 
36.3677 
36.3864 
36.4051 
36.4238 
36.4425 
36.4612 
36.4799 
36.4986 
36.5173 
36.5361 
36.5548 
36.5735 
36.5923 
36.611 
36.6298 
36.6486 
36.6674 
36.6862 
36.705 
36.7238 
36.7426 
36.7614 
36.7802 
36.799 
36.8179 
36.8367 
36.8556 
36.8744 
36.8933 
36.9122 
36.9311 
36.95 
36.9689 
36.9878 
37.0067 
37.0256 
37.0445 
37.0635 
37.0824 
37.1013 
37.1203 
37.1393 
37.1582 
37.1772 
37.1962 
37.2152 
37.2342 
37.2532 
37.2722 
37.2912 
37.3103 
37.3293 
37.3484 
37.3674 
37.3865 
37.4055 
37.4246 
37.4437 
37.4628 
37.4819 
37.501 
37.5201 
37.5392 
37.5583 
37.5775 
37.5966 
37.6157 
37.6349 
37.6541 
37.6732 
37.6924 
37.7116 
37.7308 
37.75 
37.7692 
37.7884 
37.8076 
37.8269 
37.8461 
37.8653 
37.8846 
37.9038 
37.9231 
37.9424 
37.9617 
37.981 
38.0002 
38.0196 
38.0389 
38.0582 
38.0775 
38.0968 
38.1162 
38.1355 
38.1549 
38.1742 
38.1936 
38.213 
38.2324 
38.2518 
38.2712 
38.2906 
38.31 
38.3294 
38.3488 
38.3683 
38.3877 
38.4072 
38.4266 
38.4461 
38.4656 
38.485 
38.5045 
38.524 
38.5435 
38.563 
38.5826 
38.6021 
38.6216 
38.6412 
38.6607 
38.6803 
38.6998 
38.7194 
38.739 
38.7586 
38.7782 
38.7978 
38.8174 
38.837 
38.8566 
38.8762 
38.8959 
38.9155 
38.9352 
38.9548 
38.9745 
38.9942 
39.0139 
39.0336 
39.0533 
39.073 
39.0927 
39.1124 
39.1321 
39.1519 
39.1716 
39.1914 
39.2111 
39.2309 
39.2507 
39.2704 
39.2902 
39.31 
39.3298 
39.3496 
39.3695 
39.3893 
39.4091 
39.429 
39.4488 
39.4687 
39.4885 
39.5084 
39.5283 
39.5482 
39.5681 
39.588 
39.6079 
39.6278 
39.6477 
39.6676 
39.6876 
39.7075 
39.7275 
39.7474 
39.7674 
39.7874 
39.8074 
39.8274 
39.8474 
39.8674 
39.8874 
39.9074 
39.9274 
39.9475 
39.9675 
39.9876 
40.0076 
40.0277 
40.0478 
40.0679 
40.088 
40.1081 
40.1282 
40.1483 
40.1684 
40.1885 
40.2087 
40.2288 
40.249 
40.2691 
40.2893 
40.3095 
40.3297 
40.3499 
40.3701 
40.3903 
40.4105 
40.4307 
40.4509 
40.4712 
40.4914 
40.5117 
40.5319 
40.5522 
40.5725 
40.5927 
40.613 
40.6333 
40.6536 
40.6739 
40.6943 
40.7146 
40.7349 
40.7553 
40.7756 
40.796 
40.8164 
40.8367 
40.8571 
40.8775 
40.8979 
40.9183 
40.9387 
40.9591 
40.9796 
41 
41.0204 
41.0409 
41.0614 
41.0818 
41.1023 
41.1228 
41.1433 
41.1638 
41.1843 
41.2048 
41.2253 
41.2458 
41.2664 
41.2869 
41.3075 
41.328 
41.3486 
41.3692 
41.3898 
41.4103 
41.4309 
41.4515 
41.4722 
41.4928 
41.5134 
41.534 
41.5547 
41.5753 
41.596 
41.6167 
41.6373 
41.658 
41.6787 
41.6994 
41.7201 
41.7408 
41.7616 
41.7823 
41.803 
41.8238 
41.8445 
41.8653 
41.8861 
41.9068 
41.9276 
41.9484 
41.9692 
41.99 
42.0108 
42.0317 
42.0525 
42.0733 
42.0942 
42.115 
42.1359 
42.1568 
42.1776 
42.1985 
42.2194 
42.2403 
42.2612 
42.2822 
42.3031 
42.324 
42.345 
42.3659 
42.3869 
42.4078 
42.4288 
42.4498 
42.4708 
42.4918 
42.5128 
42.5338 
42.5548 
42.5758 
42.5969 
42.6179 
42.6389 
42.66 
42.6811 
42.7021 
42.7232 
42.7443 
42.7654 
42.7865 
42.8076 
42.8288 
42.8499 
42.871 
42.8922 
42.9133 
42.9345 
42.9556 
42.9768 
42.998 
43.0192 
43.0404 
43.0616 
43.0828 
43.104 
43.1253 
43.1465 
43.1678 
43.189 
43.2103 
43.2316 
43.2528 
43.2741 
43.2954 
43.3167 
43.338 
43.3593 
43.3807 
43.402 
43.4233 
43.4447 
43.4661 
43.4874 
43.5088 
43.5302 
43.5516 
43.573 
43.5944 
43.6158 
43.6372 
43.6586 
43.6801 
43.7015 
43.723 
43.7444 
43.7659 
43.7874 
43.8089 
43.8304 
43.8519 
43.8734 
43.8949 
43.9164 
43.9379 
43.9595 
43.981 
44.0026 
44.0242 
44.0457 
44.0673 
44.0889 
44.1105 
44.1321 
44.1537 
44.1753 
44.197 
44.2186 
44.2402 
44.2619 
44.2836 
44.3052 
44.3269 
44.3486 
44.3703 
44.392 
44.4137 
44.4354 
44.4571 
44.4789 
44.5006 
44.5224 
44.5441 
44.5659 
44.5876 
44.6094 
44.6312 
44.653 
44.6748 
44.6966 
44.7185 
44.7403 
44.7621 
44.784 
44.8058 
44.8277 
44.8495 
44.8714 
44.8933 
44.9152 
44.9371 
44.959 
44.9809 
45.0029 
45.0248 
45.0467 
45.0687 
45.0906 
45.1126 
45.1346 
45.1566 
45.1786 
45.2006 
45.2226 
45.2446 
45.2666 
45.2886 
45.3107 
45.3327 
45.3548 
45.3768 
45.3989 
45.421 
45.4431 
45.4652 
45.4873 
45.5094 
45.5315 
45.5536 
45.5758 
45.5979 
45.6201 
45.6422 
45.6644 
45.6866 
45.7088 
45.7309 
45.7532 
45.7754 
45.7976 
45.8198 
45.842 
45.8643 
45.8865 
45.9088 
45.9311 
45.9533 
45.9756 
45.9979 
46.0202 
46.0425 
46.0648 
46.0871 
46.1095 
46.1318 
46.1542 
46.1765 
46.1989 
46.2213 
46.2436 
46.266 
46.2884 
46.3108 
46.3332 
46.3557 
46.3781 
46.4005 
46.423 
46.4454 
46.4679 
46.4904 
46.5128 
46.5353 
46.5578 
46.5803 
46.6028 
46.6254 
46.6479 
46.6704 
46.693 
46.7155 
46.7381 
46.7607 
46.7832 
46.8058 
46.8284 
46.851 
46.8736 
46.8962 
46.9189 
46.9415 
46.9641 
46.9868 
47.0095 
47.0321 
47.0548 
47.0775 
47.1002 
47.1229 
47.1456 
47.1683 
47.191 
47.2138 
47.2365 
47.2593 
47.282 
47.3048 
47.3276 
47.3503 
47.3731 
47.3959 
47.4187 
47.4416 
47.4644 
47.4872 
47.5101 
47.5329 
47.5558 
47.5786 
47.6015 
47.6244 
47.6473 
47.6702 
47.6931 
47.716 
47.7389 
47.7619 
47.7848 
47.8078 
47.8307 
47.8537 
47.8767 
47.8996 
47.9226 
47.9456 
47.9686 
47.9917 
48.0147 
48.0377 
48.0608 
48.0838 
48.1069 
48.1299 
48.153 
48.1761 
48.1992 
48.2223 
48.2454 
48.2685 
48.2916 
48.3148 
48.3379 
48.361 
48.3842 
48.4074 
48.4305 
48.4537 
48.4769 
48.5001 
48.5233 
48.5465 
48.5698 
48.593 
48.6162 
48.6395 
48.6628 
48.686 
48.7093 
48.7326 
48.7559 
48.7792 
48.8025 
48.8258 
48.8491 
48.8725 
48.8958 
48.9192 
48.9425 
48.9659 
48.9893 
49.0126 
49.036 
49.0594 
49.0828 
49.1063 
49.1297 
49.1531 
49.1766 
49.2 
49.2235 
49.2469 
49.2704 
49.2939 
49.3174 
49.3409 
49.3644 
49.3879 
49.4115 
49.435 
49.4585 
49.4821 
49.5057 
49.5292 
49.5528 
49.5764 
49.6 
49.6236 
49.6472 
49.6708 
49.6945 
49.7181 
49.7417 
49.7654 
49.7891 
49.8127 
49.8364 
49.8601 
49.8838 
49.9075 
49.9312 
49.9549 
49.9787 
50.0024 
50.0262 
50.0499 
50.0737 
50.0975 
50.1212 
50.145 
50.1688 
50.1926 
50.2165 
50.2403 
50.2641 
50.288 
50.3118 
50.3357 
50.3595 
50.3834 
50.4073 
50.4312 
50.4551 
50.479 
50.5029 
50.5268 
50.5508 
50.5747 
50.5987 
50.6226 
50.6466 
50.6706 
50.6946 
50.7186 
50.7426 
50.7666 
50.7906 
50.8146 
50.8387 
50.8627 
50.8868 
50.9109 
50.9349 
50.959 
50.9831 
51.0072 
51.0313 
51.0554 
51.0795 
51.1037 
51.1278 
51.152 
51.1761 
51.2003 
51.2245 
51.2487 
51.2728 
51.2971 
51.3213 
51.3455 
51.3697 
51.3939 
51.4182 
51.4424 
51.4667 
51.491 
51.5153 
51.5395 
51.5638 
51.5881 
51.6125 
51.6368 
51.6611 
51.6855 
51.7098 
51.7342 
51.7585 
51.7829 
51.8073 
51.8317 
51.8561 
51.8805 
51.9049 
51.9293 
51.9538 
51.9782 
52.0027 
52.0271 
52.0516 
52.0761 
52.1006 
52.1251 
52.1496 
52.1741 
52.1986 
52.2231 
52.2477 
52.2722 
52.2968 
52.3213 
52.3459 
52.3705 
52.3951 
52.4197 
52.4443 
52.4689 
52.4935 
52.5182 
52.5428 
52.5675 
52.5921 
52.6168 
52.6415 
52.6662 
52.6909 
52.7156 
52.7403 
52.765 
52.7897 
52.8145 
52.8392 
52.864 
52.8887 
52.9135 
52.9383 
52.9631 
52.9879 
53.0127 
53.0375 
53.0624 
53.0872 
53.112 
53.1369 
53.1617 
53.1866 
53.2115 
53.2364 
53.2613 
53.2862 
53.3111 
53.336 
53.361 
53.3859 
53.4109 
53.4358 
53.4608 
53.4858 
53.5107 
53.5357 
53.5607 
53.5858 
53.6108 
53.6358 
53.6608 
53.6859 
53.7109 
53.736 
53.7611 
53.7862 
53.8113 
53.8364 
53.8615 
53.8866 
53.9117 
53.9368 
53.962 
53.9871 
54.0123 
54.0375 
54.0626 
54.0878 
54.113 
54.1382 
54.1635 
54.1887 
54.2139 
54.2391 
54.2644 
54.2897 
54.3149 
54.3402 
54.3655 
54.3908 
54.4161 
54.4414 
54.4667 
54.492 
54.5174 
54.5427 
54.5681 
54.5935 
54.6188 
54.6442 
54.6696 
54.695 
54.7204 
54.7458 
54.7713 
54.7967 
54.8221 
54.8476 
54.8731 
54.8985 
54.924 
54.9495 
54.975 
55.0005 
55.026 
55.0516 
55.0771 
55.1026 
55.1282 
55.1537 
55.1793 
55.2049 
55.2305 
55.2561 
55.2817 
55.3073 
55.3329 
55.3586 
55.3842 
55.4098 
55.4355 
55.4612 
55.4869 
55.5125 
55.5382 
55.5639 
55.5897 
55.6154 
55.6411 
55.6668 
55.6926 
55.7184 
55.7441 
55.7699 
55.7957 
55.8215 
55.8473 
55.8731 
55.8989 
55.9247 
55.9506 
55.9764 
56.0023 
56.0282 
56.054 
56.0799 
56.1058 
56.1317 
56.1576 
56.1835 
56.2095 
56.2354 
56.2614 
56.2873 
56.3133 
56.3393 
56.3652 
56.3912 
56.4172 
56.4432 
56.4693 
56.4953 
56.5213 
56.5474 
56.5734 
56.5995 
56.6256 
56.6516 
56.6777 
56.7038 
56.7299 
56.7561 
56.7822 
56.8083 
56.8345 
56.8606 
56.8868 
56.913 
56.9392 
56.9653 
56.9915 
57.0178 
57.044 
57.0702 
57.0964 
57.1227 
57.1489 
57.1752 
57.2015 
57.2278 
57.2541 
57.2804 
57.3067 
57.333 
57.3593 
57.3856 
57.412 
57.4383 
57.4647 
57.4911 
57.5175 
57.5439 
57.5703 
57.5967 
57.6231 
57.6495 
57.676 
57.7024 
57.7289 
57.7553 
57.7818 
57.8083 
57.8348 
57.8613 
57.8878 
57.9143 
57.9408 
57.9674 
57.9939 
58.0205 
58.047 
58.0736 
58.1002 
58.1268 
58.1534 
58.18 
58.2066 
58.2332 
58.2599 
58.2865 
58.3132 
58.3399 
58.3665 
58.3932 
58.4199 
58.4466 
58.4733 
58.5 
58.5268 
58.5535 
58.5803 
58.607 
58.6338 
58.6606 
58.6874 
58.7141 
58.741 
58.7678 
58.7946 
58.8214 
58.8483 
58.8751 
58.902 
58.9288 
58.9557 
58.9826 
59.0095 
59.0364 
59.0633 
59.0902 
59.1172 
59.1441 
59.1711 
59.198 
59.225 
59.252 
59.279 
59.306 
59.333 
59.36 
59.387 
59.4141 
59.4411 
59.4682 
59.4952 
59.5223 
59.5494 
59.5765 
59.6036 
59.6307 
59.6578 
59.6849 
59.7121 
59.7392 
59.7664 
59.7935 
59.8207 
59.8479 
59.8751 
59.9023 
59.9295 
59.9567 
59.9839 
60.0112 
60.0384 
60.0657 
60.093 
60.1202 
60.1475 
60.1748 
60.2021 
60.2294 
60.2568 
60.2841 
60.3114 
60.3388 
60.3661 
60.3935 
60.4209 
60.4483 
60.4757 
60.5031 
60.5305 
60.5579 
60.5854 
60.6128 
60.6403 
60.6677 
60.6952 
60.7227 
60.7502 
60.7777 
60.8052 
60.8327 
60.8602 
60.8878 
60.9153 
60.9429 
60.9704 
60.998 
61.0256 
61.0532 
61.0808 
61.1084 
61.136 
61.1637 
61.1913 
61.219 
61.2466 
61.2743 
61.302 
61.3297 
61.3574 
61.3851 
61.4128 
61.4405 
61.4683 
61.496 
61.5238 
61.5515 
61.5793 
61.6071 
61.6349 
61.6627 
61.6905 
61.7183 
61.7461 
61.774 
61.8018 
61.8297 
61.8575 
61.8854 
61.9133 
61.9412 
61.9691 
61.997 
62.025 
62.0529 
62.0808 
62.1088 
62.1368 
62.1647 
62.1927 
62.2207 
62.2487 
62.2767 
62.3047 
62.3328 
62.3608 
62.3888 
62.4169 
62.445 
62.473 
62.5011 
62.5292 
62.5573 
62.5855 
62.6136 
62.6417 
62.6699 
62.698 
62.7262 
62.7543 
62.7825 
62.8107 
62.8389 
62.8671 
62.8953 
62.9236 
62.9518 
62.9801 
63.0083 
63.0366 
63.0649 
63.0931 
63.1214 
63.1498 
63.1781 
63.2064 
63.2347 
63.2631 
63.2914 
63.3198 
63.3482 
63.3765 
63.4049 
63.4333 
63.4617 
63.4902 
63.5186 
63.547 
63.5755 
63.6039 
63.6324 
63.6609 
63.6894 
63.7179 
63.7464 
63.7749 
63.8034 
63.832 
63.8605 
63.8891 
63.9176 
63.9462 
63.9748 
64.0034 
64.032 
64.0606 
64.0892 
64.1178 
64.1465 
64.1751 
64.2038 
64.2325 
64.2611 
64.2898 
64.3185 
64.3472 
64.376 
64.4047 
64.4334 
64.4622 
64.4909 
64.5197 
64.5485 
64.5773 
64.6061 
64.6349 
64.6637 
64.6925 
64.7213 
64.7502 
64.779 
64.8079 
64.8368 
64.8656 
64.8945 
64.9234 
64.9524 
64.9813 
65.0102 
65.0391 
65.0681 
65.0971 
65.126 
65.155 
65.184 
65.213 
65.242 
65.271 
65.3 
65.3291 
65.3581 
65.3872 
65.4163 
65.4453 
65.4744 
65.5035 
65.5326 
65.5617 
65.5909 
65.62 
65.6491 
65.6783 
65.7075 
65.7366 
65.7658 
65.795 
65.8242 
65.8534 
65.8827 
65.9119 
65.9411 
65.9704 
65.9996 
66.0289 
66.0582 
66.0875 
66.1168 
66.1461 
66.1754 
66.2048 
66.2341 
66.2634 
66.2928 
66.3222 
66.3515 
66.3809 
66.4103 
66.4397 
66.4692 
66.4986 
66.528 
66.5575 
66.5869 
66.6164 
66.6459 
66.6754 
66.7049 
66.7344 
66.7639 
66.7934 
66.823 
66.8525 
66.8821 
66.9116 
66.9412 
66.9708 
67.0004 
67.03 
67.0596 
67.0892 
67.1189 
67.1485 
67.1782 
67.2078 
67.2375 
67.2672 
67.2969 
67.3266 
67.3563 
67.386 
67.4157 
67.4455 
67.4752 
67.505 
67.5348 
67.5646 
67.5943 
67.6242 
67.654 
67.6838 
67.7136 
67.7435 
67.7733 
67.8032 
67.833 
67.8629 
67.8928 
67.9227 
67.9526 
67.9826 
68.0125 
68.0424 
68.0724 
68.1023 
68.1323 
68.1623 
68.1923 
68.2223 
68.2523 
68.2823 
68.3123 
68.3424 
68.3724 
68.4025 
68.4326 
68.4626 
68.4927 
68.5228 
68.5529 
68.5831 
68.6132 
68.6433 
68.6735 
68.7036 
68.7338 
68.764 
68.7942 
68.8244 
68.8546 
68.8848 
68.915 
68.9453 
68.9755 
69.0058 
69.0361 
69.0663 
69.0966 
69.1269 
69.1572 
69.1876 
69.2179 
69.2482 
69.2786 
69.3089 
69.3393 
69.3697 
69.4001 
69.4305 
69.4609 
69.4913 
69.5217 
69.5522 
69.5826 
69.6131 
69.6435 
69.674 
69.7045 
69.735 
69.7655 
69.796 
69.8266 
69.8571 
69.8877 
69.9182 
69.9488 
69.9794 
70.01 
70.0406 
70.0712 
70.1018 
70.1324 
70.1631 
70.1937 
70.2244 
70.255 
70.2857 
70.3164 
70.3471 
70.3778 
70.4086 
70.4393 
70.47 
70.5008 
70.5315 
70.5623 
70.5931 
70.6239 
70.6547 
70.6855 
70.7163 
70.7472 
70.778 
70.8088 
70.8397 
70.8706 
70.9015 
70.9324 
70.9633 
70.9942 
71.0251 
71.056 
71.087 
71.1179 
71.1489 
71.1799 
71.2109 
71.2418 
71.2728 
71.3039 
71.3349 
71.3659 
71.397 
71.428 
71.4591 
71.4902 
71.5213 
71.5523 
71.5835 
71.6146 
71.6457 
71.6768 
71.708 
71.7391 
71.7703 
71.8015 
71.8327 
71.8639 
71.8951 
71.9263 
71.9575 
71.9888 
72.02 
72.0513 
72.0825 
72.1138 
72.1451 
72.1764 
72.2077 
72.239 
72.2704 
72.3017 
72.3331 
72.3644 
72.3958 
72.4272 
72.4586 
72.49 
72.5214 
72.5528 
72.5842 
72.6157 
72.6471 
72.6786 
72.7101 
72.7415 
72.773 
72.8045 
72.8361 
72.8676 
72.8991 
72.9307 
72.9622 
72.9938 
73.0254 
73.057 
73.0885 
73.1202 
73.1518 
73.1834 
73.215 
73.2467 
73.2783 
73.31 
73.3417 
73.3734 
73.4051 
73.4368 
73.4685 
73.5002 
73.532 
73.5637 
73.5955 
73.6273 
73.6591 
73.6908 
73.7226 
73.7545 
73.7863 
73.8181 
73.85 
73.8818 
73.9137 
73.9456 
73.9774 
74.0093 
74.0412 
74.0732 
74.1051 
74.137 
74.169 
74.2009 
74.2329 
74.2649 
74.2969 
74.3289 
74.3609 
74.3929 
74.4249 
74.457 
74.489 
74.5211 
74.5532 
74.5852 
74.6173 
74.6494 
74.6815 
74.7137 
74.7458 
74.7779 
74.8101 
74.8423 
74.8744 
74.9066 
74.9388 
74.971 
75.0032 
75.0355 
75.0677 
75.1 
75.1322 
75.1645 
75.1968 
75.2291 
75.2614 
75.2937 
75.326 
75.3583 
75.3907 
75.423 
75.4554 
75.4878 
75.5201 
75.5525 
75.5849 
75.6174 
75.6498 
75.6822 
75.7147 
75.7471 
75.7796 
75.8121 
75.8446 
75.8771 
75.9096 
75.9421 
75.9746 
76.0072 
76.0397 
76.0723 
76.1049 
76.1374 
76.17 
76.2026 
76.2353 
76.2679 
76.3005 
76.3332 
76.3658 
76.3985 
76.4312 
76.4638 
76.4965 
76.5293 
76.562 
76.5947 
76.6274 
76.6602 
76.693 
76.7257 
76.7585 
76.7913 
76.8241 
76.8569 
76.8898 
76.9226 
76.9554 
76.9883 
77.0212 
77.054 
77.0869 
77.1198 
77.1527 
77.1857 
77.2186 
77.2515 
77.2845 
77.3174 
77.3504 
77.3834 
77.4164 
77.4494 
77.4824 
77.5154 
77.5485 
77.5815 
77.6146 
77.6476 
77.6807 
77.7138 
77.7469 
77.78 
77.8131 
77.8463 
77.8794 
77.9126 
77.9457 
77.9789 
78.0121 
78.0453 
78.0785 
78.1117 
78.1449 
78.1782 
78.2114 
78.2447 
78.278 
78.3112 
78.3445 
78.3778 
78.4111 
78.4445 
78.4778 
78.5111 
78.5445 
78.5779 
78.6112 
78.6446 
78.678 
78.7114 
78.7449 
78.7783 
78.8117 
78.8452 
78.8786 
78.9121 
78.9456 
78.9791 
79.0126 
79.0461 
79.0796 
79.1132 
79.1467 
79.1803 
79.2138 
79.2474 
79.281 
79.3146 
79.3482 
79.3818 
79.4155 
79.4491 
79.4828 
79.5164 
79.5501 
79.5838 
79.6175 
79.6512 
79.6849 
79.7187 
79.7524 
79.7861 
79.8199 
79.8537 
79.8875 
79.9213 
79.9551 
79.9889 
80.0227 
80.0565 
80.0904 
80.1242 
80.1581 
80.192 
80.2259 
80.2598 
80.2937 
80.3276 
80.3615 
80.3955 
80.4294 
80.4634 
80.4974 
80.5314 
80.5654 
80.5994 
80.6334 
80.6674 
80.7015 
80.7355 
80.7696 
80.8037 
80.8378 
80.8718 
80.906 
80.9401 
80.9742 
81.0083 
81.0425 
81.0766 
81.1108 
81.145 
81.1792 
81.2134 
81.2476 
81.2818 
81.3161 
81.3503 
81.3846 
81.4188 
81.4531 
81.4874 
81.5217 
81.556 
81.5904 
81.6247 
81.659 
81.6934 
81.7278 
81.7621 
81.7965 
81.8309 
81.8653 
81.8997 
81.9342 
81.9686 
82.0031 
82.0375 
82.072 
82.1065 
82.141 
82.1755 
82.21 
82.2446 
82.2791 
82.3136 
82.3482 
82.3828 
82.4174 
82.452 
82.4866 
82.5212 
82.5558 
82.5905 
82.6251 
82.6598 
82.6944 
82.7291 
82.7638 
82.7985 
82.8332 
82.868 
82.9027 
82.9374 
82.9722 
83.007 
83.0418 
83.0765 
83.1113 
83.1462 
83.181 
83.2158 
83.2507 
83.2855 
83.3204 
83.3553 
83.3902 
83.4251 
83.46 
83.4949 
83.5298 
83.5648 
83.5997 
83.6347 
83.6697 
83.7047 
83.7397 
83.7747 
83.8097 
83.8447 
83.8798 
83.9148 
83.9499 
83.985 
84.0201 
84.0552 
84.0903 
84.1254 
84.1605 
84.1957 
84.2308 
84.266 
84.3012 
84.3364 
84.3716 
84.4068 
84.442 
84.4772 
84.5125 
84.5477 
84.583 
84.6183 
84.6536 
84.6889 
84.7242 
84.7595 
84.7948 
84.8302 
84.8655 
84.9009 
84.9363 
84.9716 
85.007 
85.0425 
85.0779 
85.1133 
85.1487 
85.1842 
85.2197 
85.2551 
85.2906 
85.3261 
85.3616 
85.3972 
85.4327 
85.4682 
85.5038 
85.5393 
85.5749 
85.6105 
85.6461 
85.6817 
85.7173 
85.753 
85.7886 
85.8243 
85.8599 
85.8956 
85.9313 
85.967 
86.0027 
86.0384 
86.0741 
86.1099 
86.1456 
86.1814 
86.2172 
86.253 
86.2888 
86.3246 
86.3604 
86.3962 
86.4321 
86.4679 
86.5038 
86.5397 
86.5756 
86.6115 
86.6474 
86.6833 
86.7192 
86.7552 
86.7911 
86.8271 
86.8631 
86.8991 
86.9351 
86.9711 
87.0071 
87.0431 
87.0792 
87.1152 
87.1513 
87.1874 
87.2235 
87.2596 
87.2957 
87.3318 
87.3679 
87.4041 
87.4402 
87.4764 
87.5126 
87.5488 
87.585 
87.6212 
87.6574 
87.6936 
87.7299 
87.7662 
87.8024 
87.8387 
87.875 
87.9113 
87.9476 
87.9839 
88.0203 
88.0566 
88.093 
88.1294 
88.1657 
88.2021 
88.2385 
88.275 
88.3114 
88.3478 
88.3843 
88.4207 
88.4572 
88.4937 
88.5302 
88.5667 
88.6032 
88.6397 
88.6763 
88.7128 
88.7494 
88.786 
88.8226 
88.8591 
88.8958 
88.9324 
88.969 
89.0056 
89.0423 
89.079 
89.1156 
89.1523 
89.189 
89.2257 
89.2625 
89.2992 
89.3359 
89.3727 
89.4095 
89.4462 
89.483 
89.5198 
89.5566 
89.5935 
89.6303 
89.6672 
89.704 
89.7409 
89.7778 
89.8147 
89.8516 
89.8885 
89.9254 
89.9623 
89.9993 
90.0363 
90.0732 
90.1102 
90.1472 
90.1842 
90.2212 
90.2583 
90.2953 
90.3324 
90.3694 
90.4065 
90.4436 
90.4807 
90.5178 
90.5549 
90.592 
90.6292 
90.6663 
90.7035 
90.7407 
90.7779 
90.8151 
90.8523 
90.8895 
90.9267 
90.964 
91.0012 
91.0385 
91.0758 
91.1131 
91.1504 
91.1877 
91.225 
91.2624 
91.2997 
91.3371 
91.3745 
91.4118 
91.4492 
91.4866 
91.5241 
91.5615 
91.5989 
91.6364 
91.6739 
91.7113 
91.7488 
91.7863 
91.8238 
91.8614 
91.8989 
91.9364 
91.974 
92.0116 
92.0491 
92.0867 
92.1243 
92.162 
92.1996 
92.2372 
92.2749 
92.3125 
92.3502 
92.3879 
92.4256 
92.4633 
92.501 
92.5387 
92.5765 
92.6142 
92.652 
92.6898 
92.7276 
92.7654 
92.8032 
92.841 
92.8788 
92.9167 
92.9545 
92.9924 
93.0303 
93.0682 
93.1061 
93.144 
93.1819 
93.2199 
93.2578 
93.2958 
93.3337 
93.3717 
93.4097 
93.4477 
93.4858 
93.5238 
93.5618 
93.5999 
93.638 
93.676 
93.7141 
93.7522 
93.7903 
93.8285 
93.8666 
93.9047 
93.9429 
93.9811 
94.0193 
94.0575 
94.0957 
94.1339 
94.1721 
94.2104 
94.2486 
94.2869 
94.3251 
94.3634 
94.4017 
94.44 
94.4784 
94.5167 
94.555 
94.5934 
94.6318 
94.6702 
94.7086 
94.747 
94.7854 
94.8238 
94.8622 
94.9007 
94.9392 
94.9776 
95.0161 
95.0546 
95.0931 
95.1316 
95.1702 
95.2087 
95.2473 
95.2859 
95.3244 
95.363 
95.4016 
95.4402 
95.4789 
95.5175 
95.5562 
95.5948 
95.6335 
95.6722 
95.7109 
95.7496 
95.7883 
95.8271 
95.8658 
95.9046 
95.9433 
95.9821 
96.0209 
96.0597 
96.0985 
96.1373 
96.1762 
96.215 
96.2539 
96.2928 
96.3317 
96.3706 
96.4095 
96.4484 
96.4873 
96.5263 
96.5652 
96.6042 
96.6432 
96.6822 
96.7212 
96.7602 
96.7992 
96.8383 
96.8773 
96.9164 
96.9555 
96.9945 
97.0336 
97.0727 
97.1119 
97.151 
97.1902 
97.2293 
97.2685 
97.3077 
97.3469 
97.3861 
97.4253 
97.4645 
97.5038 
97.543 
97.5823 
97.6215 
97.6608 
97.7001 
97.7395 
97.7788 
97.8181 
97.8575 
97.8968 
97.9362 
97.9756 
98.015 
98.0544 
98.0938 
98.1332 
98.1727 
98.2121 
98.2516 
98.2911 
98.3306 
98.3701 
98.4096 
98.4491 
98.4887 
98.5282 
98.5678 
98.6073 
98.6469 
98.6865 
98.7261 
98.7658 
98.8054 
98.845 
98.8847 
98.9244 
98.9641 
99.0038 
99.0435 
99.0832 
99.1229 
99.1626 
99.2024 
99.2422 
99.2819 
99.3217 
99.3615 
99.4014 
99.4412 
99.481 
99.5209 
99.5607 
99.6006 
99.6405 
99.6804 
99.7203 
99.7602 
99.8002 
99.8401 
99.8801 
99.92 
99.96 
